8,8
8,8
10,10
8,8
9,9
8,10
10,10
10,10
9,9
9,9
9,9
10,10
10,9
10,10
9,9
9,9
9,9
5,9
9,9
9,9
9,9
8,7
9,9
10,10
9,9
8,7
9,9
9,9
17,17
17,17
22,19
17,17
17,17
22,17
22,17
15,22
17,17
17,22
18,18
17,17
17,17
17,17
22,22
18,18
17,22
17,22
7,17
17,22
23,23
22,16
18,18
22,19
17,17
8,22
22,16
22,22
8,22
22,22
17,22
23,23
18,18
17,22
22,22
17,18
17,18
17,22
11,11
18,18
17,22
18,18
17,18
30,0
9,8
9,9
13,10
10,10
21,7
10,10
47,7
10,10
8,8
47,7
10,8
10,10
8,9
8,8
10,10
7,8
8,8
10,10
7,7
10,10
10,10
10,10
9,9
7,7
10,10
10,10
10,10
21,6
10,10
8,6
10,10
10,10
10,10
10,10
8,8
10,10
7,7
10,10
8,7
8,8
8,8
9,5
8,8
8,8
9,9
8,8
24,8
24,9
10,10
8,8
9,9
21,21
21,13
10,21
43,13
24,24
24,30
24,24
24,24
21,24
24,24
10,24
24,30
24,24
31,31
31,24
24,24
0,31
21,24
24,24
24,31
47,47
47,47
22,47
43,47
47,47
22,47
43,43
43,47
47,47
12,7
10,10
5,5
19,5
5,5
7,7
8,8
48,7
10,10
8,6
11,7
6,5
7,7
10,10
5,5
6,6
47,8
19,8
10,10
10,10
9,9
8,9
9,9
5,5
5,5
10,10
8,8
23,5
4,5
21,13
11,11
17,17
48,12
11,11
17,22
49,12
5,12
7,11
6,11
12,12
11,11
9,11
31,31
26,30
7,31
24,24
24,24
11,30
10,29
47,41
43,43
43,43
22,41
29,49
9,9
9,8
9,9
9,7
13,9
9,9
49,8
9,7
9,9
8,8
30,5
9,9
8,8
9,9
10,10
30,9
10,7
9,9
8,8
8,10
9,6
9,9
48,7
0,7
8,9
7,7
8,8
22,8
33,22
19,19
19,19
48,19
19,19
17,19
22,22
19,17
17,22
23,22
17,22
48,22
17,17
29,13
20,20
29,13
17,19
17,19
48,19
30,12
12,15
12,12
33,22
17,17
17,17
13,13
17,22
13,13
19,22
23,23
17,19
48,22
17,22
17,17
8,22
17,17
20,23
19,22
19,17
13,13
13,13
34,19
33,15
17,19
48,13
17,19
17,22
23,23
17,22
4,17
5,29
30,30
29,29
30,30
29,29
30,30
49,30
30,30
29,29
29,29
13,29
29,29
48,29
29,29
31,31
49,30
29,29
41,41
32,38
41,41
48,48
48,48
23,48
22,48
48,48
17,48
48,48
48,48
48,48
48,48
49,48
49,48
8,48
23,48
48,48
5,49
48,48
49,48
48,48
8,49
17,49
50,49
7,1
0,0
10,8
7,7
9,9
8,8
7,7
10,10
10,10
49,7
9,9
10,10
21,7
0,6
7,7
7,7
21,7
10,10
9,9
9,7
8,8
10,10
11,9
9,9
7,7
9,9
0,7
10,10
7,7
9,9
9,9
9,9
9,9
9,9
9,9
7,7
7,7
7,7
10,9
17,17
0,21
21,21
48,21
49,24
24,24
33,33
41,41
44,44
43,43
43,47
41,41
48,48
49,49
49,49
49,48
48,48
9,9
9,9
9,9
9,9
10,10
9,9
8,8
9,9
10,10
8,10
8,8
9,9
9,9
9,9
9,9
9,9
10,10
9,9
10,10
10,10
9,9
9,9
10,10
9,9
10,10
9,9
9,9
9,9
9,9
9,9
10,10
9,9
9,9
10,10
10,10
8,10
10,10
10,10
10,8
9,9
9,9
9,9
9,9
10,10
8,8
19,19
42,42
42,42
8,8
9,9
10,10
10,10
9,9
9,9
9,9
8,8
8,9
10,10
10,10
31,7
10,10
7,7
10,10
10,10
10,10
10,10
7,7
10,10
10,10
10,10
9,9
10,10
10,10
8,8
10,10
12,7
9,9
9,9
8,8
38,12
10,31
9,31
9,31
31,31
11,49
10,48
28,0
21,9
9,9
21,9
21,10
21,10
21,9
8,8
21,10
9,9
6,8
8,6
8,10
8,8
21,8
21,8
7,10
10,10
20,6
8,8
48,12
21,21
21,21
21,21
21,21
21,21
21,21
31,21
21,21
21,21
21,21
21,21
21,21
30,21
21,21
27,13
21,21
21,21
21,21
21,21
21,21
21,21
8,21
23,22
21,21
8,23
21,21
21,21
23,23
23,23
21,22
23,23
23,23
23,21
21,21
23,23
23,23
23,23
23,23
24,13
21,21
21,21
21,21
21,21
21,21
23,23
23,23
8,20
28,16
23,20
0,16
16,16
21,21
23,23
11,11
16,16
23,23
20,23
16,16
23,23
21,21
21,21
21,21
21,14
21,14
21,21
23,20
23,23
1,27
8,28
21,31
29,26
27,27
27,29
13,27
24,27
24,27
29,29
14,31
0,31
26,26
31,29
30,26
0,0
0,1
0,0
0,0
0,1
0,0
0,0
0,0
0,0
1,1
0,1
1,0
48,17
48,17
49,27
0,43
49,49
48,48
49,49
48,48
49,49
0,0
8,8
8,8
5,5
50,8
6,6
6,6
5,5
5,5
30,5
24,9
7,7
1,6
23,12
11,11
5,11
48,20
12,12
12,12
5,24
24,24
41,35
22,42
42,40
8,48
49,48
49,49
49,49
49,49
49,49
49,49
49,49
49,49
49,49
49,49
49,49
49,49
49,49
49,49
49,49
49,49
49,49
49,49
6,48
5,0
8,8
10,10
7,7
10,10
10,10
10,10
24,9
9,9
24,5
8,5
10,10
19,19
17,19
19,15
23,22
51,12
29,28
24,24
24,24
24,24
24,24
17,24
17,24
24,24
43,43
49,49
8,49
48,49
49,49
24,49
16,8
10,10
9,9
9,9
9,10
10,10
10,10
8,8
9,10
10,10
9,9
8,8
8,8
10,8
9,9
9,9
9,9
8,8
8,8
10,10
9,9
10,10
21,21
16,16
16,16
11,11
16,16
21,13
21,21
16,16
8,21
16,16
21,21
49,22
24,24
24,24
21,24
24,24
49,49
10,49
0,0
8,0
9,0
9,9
9,9
9,9
9,9
9,10
9,9
9,9
9,9
9,9
10,10
9,8
9,9
9,9
9,9
8,8
9,9
10,8
10,10
10,10
8,8
9,9
9,9
10,10
10,10
9,10
10,10
10,10
9,9
10,10
8,8
9,9
8,8
9,9
9,9
36,10
9,9
0,8
21,9
34,10
10,10
9,9
10,10
9,9
8,8
9,9
10,10
9,9
10,10
9,9
9,9
10,10
9,9
10,10
10,10
36,9
36,9
49,8
9,9
10,10
9,9
10,10
10,10
10,10
10,10
19,9
9,9
9,9
10,8
8,8
9,9
10,10
9,9
8,8
9,9
9,9
8,8
10,10
8,8
9,9
0,9
8,10
9,7
9,9
9,9
10,21
10,11
9,31
49,31
0,34
34,34
36,36
9,36
36,36
36,36
36,36
36,36
9,36
36,36
36,36
36,36
9,36
39,38
42,46
38,38
38,38
36,49
0,0
31,0
30,0
9,0
10,0
31,0
30,0
9,0
21,0
31,0
31,0
31,0
31,0
31,0
0,0
49,0
31,0
1,1
10,0
31,0
31,1
0,0
0,0
0,0
49,1
1,1
49,1
0,9
17,9
5,5
1,6
10,10
49,9
9,9
10,10
10,10
1,9
31,10
31,7
31,10
10,10
31,10
0,10
8,7
31,9
31,9
10,7
10,10
10,10
31,10
7,7
0,10
10,10
31,7
31,9
10,10
49,9
10,10
9,9
9,9
1,10
10,9
9,9
1,9
31,9
10,10
10,10
0,7
9,10
9,9
1,9
9,9
0,9
9,9
49,13
1,12
21,11
49,21
1,13
1,31
0,31
31,31
10,31
9,31
31,31
31,31
31,31
31,31
31,31
31,31
29,29
10,31
31,31
31,31
31,31
31,31
31,31
31,31
31,31
31,31
31,31
31,31
31,31
31,31
9,31
0,31
31,31
0,31
31,31
10,31
31,31
31,31
29,29
0,29
31,31
10,31
49,27
31,31
31,31
1,31
31,31
31,31
1,31
31,31
0,31
31,31
9,31
9,31
30,30
9,31
31,31
49,30
31,31
49,30
31,31
13,31
31,31
44,44
29,41
27,49
0,49
9,49
9,49
9,49
49,49
0,49
1,49
49,49
1,49
49,49
1,49
49,49
1,49
29,48
1,49
49,49
31,49
49,49
48,49
49,49
49,49
1,49
1,49
49,49
49,49
49,49
4,4
17,3
9,9
9,9
10,10
10,10
10,10
10,10
10,10
10,10
10,10
10,10
10,10
8,8
9,9
8,8
5,5
10,10
9,9
7,7
10,10
9,9
10,10
7,8
9,9
10,10
9,9
23,8
5,8
8,8
17,5
21,5
5,5
8,8
6,6
8,8
29,8
8,8
21,6
9,8
10,10
5,21
8,21
12,12
19,13
24,24
7,24
4,24
29,26
29,29
22,43
41,41
0,0
0,0
49,2
49,0
49,9
9,9
9,9
11,18
11,11
9,24
31,26
27,27
49,49
49,49
0,49
0,49
49,49
48,48
49,49
49,49
49,49
49,49
49,49
49,49
49,49
49,49
49,49
49,49
9,9
8,8
9,9
10,9
9,9
9,9
9,9
10,10
17,7
8,7
9,9
7,10
9,9
17,5
7,7
10,10
49,7
8,8
8,7
17,7
9,9
7,7
8,7
25,7
9,9
7,9
17,17
17,17
48,18
23,23
7,17
48,17
20,20
23,20
17,23
49,19
17,17
49,20
49,17
11,22
11,13
17,22
17,17
48,22
23,20
31,31
31,31
31,31
31,31
31,31
24,31
31,31
49,26
48,41
48,41
48,48
17,48
49,49
49,49
17,48
48,48
7,49
49,49
49,48
49,49
17,49
49,48
49,49
17,49
49,49
7,49
49,49
49,49
7,49
7,49
49,49
48,49
17,49
30,0
1,1
1,1
1,1
27,4
9,9
10,8
49,7
10,10
27,8
9,9
1,6
10,10
7,7
9,9
9,9
31,8
49,9
50,9
9,9
9,9
9,10
27,7
10,10
49,10
8,5
29,10
43,9
9,9
49,10
22,7
8,7
5,5
21,9
9,9
11,7
5,5
10,10
41,7
9,9
19,12
33,12
26,26
27,27
26,26
9,30
27,27
26,26
30,30
29,29
30,30
31,30
27,27
10,27
29,29
5,30
29,29
27,27
29,29
26,26
6,26
27,27
26,26
5,29
26,26
27,27
27,27
49,29
37,37
49,49
9,49
50,49
17,48
49,49
9,49
49,49
49,49
20,49
9,9
9,9
5,5
9,9
48,9
8,8
9,9
9,9
9,9
9,9
8,5
8,8
9,9
17,9
10,9
48,9
9,7
13,9
8,10
48,9
8,8
9,9
8,8
9,9
17,17
19,17
17,23
17,17
17,17
17,17
17,17
17,17
49,17
23,17
9,17
22,22
42,17
40,23
48,19
23,14
23,19
49,14
8,13
17,23
13,13
23,23
17,23
17,23
18,18
17,17
13,13
8,13
23,23
23,23
11,21
13,13
13,30
39,32
17,33
17,41
31,48
48,48
9,9
9,9
9,9
9,7
9,7
10,7
9,9
9,9
10,10
10,10
9,9
6,8
10,10
10,10
9,9
9,9
9,10
9,9
7,7
9,9
10,10
17,8
9,9
9,9
9,9
9,9
9,9
10,10
10,10
8,8
10,10
9,9
8,8
10,7
6,6
9,9
10,10
48,8
9,9
10,10
10,8
10,10
20,9
49,10
10,10
49,9
10,10
9,9
9,9
10,8
10,10
7,7
9,6
10,10
9,9
23,5
10,8
8,8
9,9
10,10
8,8
8,8
9,9
8,8
9,9
9,9
8,8
6,9
9,9
10,9
19,19
20,22
48,20
49,19
23,17
49,19
48,19
17,17
19,19
19,19
23,23
17,17
19,19
23,17
30,30
30,30
29,29
29,29
40,41
17,48
49,49
48,48
49,49
49,49
49,49
49,49
49,49
48,48
49,49
9,48
7,49
49,49
49,49
49,49
49,48
49,49
49,49
49,49
49,49
49,49
49,49
49,49
49,49
49,49
29,49
49,49
49,49
49,49
49,49
49,49
49,49
49,49
49,49
49,49
9,49
49,49
9,9
8,8
8,8
8,8
8,8
8,7
2,10
10,10
7,7
10,10
9,9
10,10
10,10
6,6
8,8
11,11
11,11
49,11
12,11
49,11
33,15
22,15
2,19
35,17
37,22
23,23
22,13
23,17
48,17
22,19
12,11
26,29
9,24
11,24
37,24
29,29
30,30
30,30
24,24
24,24
24,24
26,26
26,29
28,28
33,33
44,44
40,44
37,41
41,43
22,43
41,41
50,49
49,4
0,0
0,4
1,1
4,1
7,4
4,4
9,9
9,9
9,9
10,10
10,10
10,10
10,10
9,9
9,9
10,10
9,9
10,10
9,9
10,10
10,10
10,10
17,17
17,17
17,19
19,17
15,17
11,15
33,15
15,15
15,17
23,17
30,27
26,26
17,35
15,33
15,33
15,47
39,39
39,39
38,38
47,42
49,49
30,4
0,0
0,0
0,0
4,4
9,9
8,8
9,9
10,10
0,7
9,9
10,10
0,7
32,23
23,23
11,17
20,17
35,17
23,23
20,17
25,25
30,30
33,33
36,36
36,36
36,36
36,36
7,37
38,38
49,49
48,48
49,49
4,50
4,4
10,10
10,10
9,9
10,8
10,10
10,10
10,10
8,7
17,17
48,15
11,11
17,15
17,17
11,11
48,23
50,17
9,15
19,15
30,30
29,29
30,30
9,33
42,41
42,42
42,42
42,42
42,42
42,42
42,42
42,42
42,40
43,43
48,48
48,48
50,48
0,50
50,50
1,49
49,49
4,4
10,10
10,10
9,9
10,10
10,10
9,9
9,9
5,5
22,19
19,48
0,0
0,1
4,4
9,9
8,7
9,9
8,7
9,9
10,10
5,9
9,7
27,7
8,7
8,7
10,10
19,17
17,22
23,23
17,17
17,22
19,19
17,19
17,17
5,21
17,17
17,17
17,17
17,17
17,33
17,33
17,33
33,33
5,34
34,34
41,33
41,41
49,1
17,21
22,17
9,22
24,13
24,21
11,11
19,19
17,17
22,19
17,17
13,17
41,19
17,19
47,19
5,17
24,24
24,24
1,24
29,29
29,29
33,33
49,49
49,50
49,49
49,50
17,48
49,49
49,49
49,49
49,49
4,4
1,4
9,9
7,7
10,10
10,10
8,8
23,8
9,9
8,8
8,8
10,8
10,10
8,7
8,8
9,7
7,7
8,8
7,7
7,7
8,7
20,20
23,23
19,22
20,17
8,17
8,17
23,23
20,22
20,23
20,22
17,17
17,20
17,17
5,20
17,20
22,20
23,18
26,26
37,30
31,30
48,29
38,38
38,39
17,43
8,49
20,48
50,49
49,49
20,48
4,4
5,5
6,6
9,9
10,10
6,6
22,22
11,11
29,26
23,33
34,34
8,0
0,0
9,9
10,10
10,10
31,26
9,24
8,24
0,24
0,24
23,37
24,32
42,42
39,42
42,47
42,42
47,44
32,44
22,41
43,41
48,41
49,49
48,49
49,49
49,49
49,49
49,49
48,48
49,49
50,50
50,50
49,49
49,49
49,50
8,0
10,7
10,8
7,7
7,7
8,8
9,9
8,8
8,7
8,8
10,8
10,10
8,8
8,7
8,9
8,8
19,17
17,17
17,17
10,17
23,23
48,17
22,17
17,17
23,17
15,17
17,17
17,17
22,22
23,22
17,19
29,29
29,29
49,49
49,49
49,49
49,49
0,0
9,2
9,9
10,10
29,29
30,27
30,46
43,40
43,41
43,41
48,43
0,0
50,0
25,0
0,0
0,0
0,0
4,4
6,6
10,10
10,10
5,5
8,10
10,10
10,10
9,9
10,10
10,10
10,10
9,9
8,8
10,10
12,21
17,23
23,19
19,17
23,17
23,18
23,23
23,23
22,19
48,18
23,23
21,21
8,21
35,35
44,44
39,39
50,48
50,50
50,50
0,50
50,50
0,0
4,4
10,8
10,9
10,10
9,5
9,9
8,8
8,9
10,10
10,10
10,10
10,10
10,10
10,5
10,10
8,8
17,17
15,15
17,17
5,23
19,19
17,17
15,15
5,19
18,15
49,31
0,31
0,31
33,33
15,33
44,44
47,38
41,41
49,49
0,0
0,0
0,0
0,0
0,0
9,9
10,10
10,10
10,10
10,10
11,11
17,19
19,17
17,17
11,35
41,41
49,49
24,49
4,4
4,1
4,4
10,10
8,8
8,8
31,10
10,10
9,9
10,10
8,10
10,10
48,10
9,9
10,10
10,10
10,10
22,23
23,23
17,17
17,18
20,20
17,17
20,20
20,20
23,23
17,22
8,11
11,11
48,31
26,29
25,25
25,25
4,30
40,38
43,43
32,41
43,38
49,48
48,48
4,4
8,8
9,6
10,10
10,10
9,9
10,10
10,10
9,9
10,10
10,10
10,10
10,10
21,14
11,22
23,23
11,14
21,14
11,14
21,14
9,31
8,8
10,10
9,9
9,9
9,9
50,9
9,9
24,24
24,24
24,24
34,34
10,10
10,8
8,8
23,12
22,12
13,18
21,21
42,42
49,49
49,49
49,49
9,10
21,9
21,10
21,21
21,21
21,21
21,21
21,21
21,21
21,21
21,30
21,30
32,32
42,42
42,42
8,8
9,9
8,8
10,10
10,10
9,9
9,9
8,9
10,10
10,10
21,9
5,5
5,5
17,17
21,21
29,18
29,29
29,29
31,31
30,49
0,49
21,4
23,0
48,4
4,4
5,10
10,8
8,8
10,8
9,9
9,9
9,9
23,20
10,17
20,20
23,23
21,21
21,21
21,21
21,20
20,20
23,23
20,20
41,23
8,23
20,20
20,23
23,23
20,20
48,20
30,20
20,23
23,23
23,23
23,23
41,23
23,23
4,11
20,20
17,17
17,17
20,20
8,22
23,17
31,29
29,29
26,26
30,30
24,24
20,29
4,30
29,29
31,31
31,31
8,31
9,31
21,31
8,31
10,31
8,31
48,24
31,31
48,48
49,49
22,48
48,48
8,49
0,0
0,0
0,0
24,0
8,8
9,9
9,9
9,9
5,8
10,8
24,8
8,8
19,19
19,19
23,23
19,23
23,23
19,23
8,23
19,23
19,19
19,19
19,19
23,19
19,19
19,19
19,19
19,17
19,17
23,23
19,17
19,19
21,13
19,19
19,19
19,23
24,22
13,21
13,21
24,24
7,24
0,26
48,48
10,10
9,9
9,9
19,20
22,22
31,21
22,22
21,21
21,21
21,21
21,21
31,31
31,31
31,31
31,31
31,31
31,31
31,31
31,31
31,31
31,31
31,31
31,31
31,31
31,31
30,0
9,9
10,10
9,7
8,8
9,9
8,8
10,10
8,8
17,20
48,23
34,19
30,30
29,29
30,30
29,29
22,39
1,49
48,48
9,9
7,9
7,8
4,7
7,8
7,7
7,7
7,8
8,8
7,8
7,7
7,7
9,9
9,9
8,8
9,9
8,7
7,9
7,10
7,10
9,9
9,7
8,8
22,7
7,8
7,7
8,8
8,7
7,7
24,10
10,9
7,7
8,7
10,7
9,9
8,8
8,8
5,5
7,7
31,7
7,10
8,8
8,8
6,6
5,7
7,16
23,23
48,18
23,23
49,11
30,30
29,29
29,29
16,48
0,49
5,49
12,7
8,8
7,7
40,7
6,7
7,7
7,7
6,7
6,6
16,7
8,8
12,9
11,9
8,8
11,9
9,10
8,8
8,7
43,5
10,10
10,7
7,9
8,8
22,9
8,10
10,10
10,8
10,10
35,7
30,7
8,8
10,10
5,5
7,10
10,8
5,5
8,8
8,10
8,8
8,10
8,8
12,10
10,10
9,9
8,7
0,7
9,9
8,8
6,5
8,8
8,8
40,8
8,9
8,7
10,8
8,8
12,12
8,11
11,11
11,11
7,21
9,21
7,11
11,11
7,11
18,17
5,11
7,30
30,30
27,27
8,32
7,34
0,34
0,34
11,32
42,42
38,39
42,40
5,43
38,38
42,44
43,38
41,41
49,49
49,49
49,49
8,49
48,49
9,9
5,5
9,9
9,9
10,10
9,9
10,10
7,7
5,6
6,6
35,7
6,6
11,11
9,19
10,20
47,35
35,32
41,32
11,37
37,37
40,41
19,48
7,1
27,1
7,1
0,0
0,4
1,1
13,4
10,1
4,4
26,0
48,2
4,4
10,10
7,10
10,10
10,10
7,7
10,10
10,10
10,10
10,10
11,9
11,10
9,9
21,21
21,21
21,14
11,11
11,12
19,19
17,19
11,11
11,11
11,19
19,19
23,23
12,20
23,23
31,24
31,24
29,29
26,30
26,31
27,27
27,29
30,30
27,27
29,29
30,30
27,29
27,27
7,31
27,27
27,27
12,28
26,26
28,28
26,26
33,28
30,30
27,27
30,30
26,26
26,26
5,33
12,33
0,34
11,37
47,43
44,44
43,47
22,40
22,47
38,39
44,47
15,38
35,44
42,42
32,39
49,48
49,48
48,48
0,0
10,10
0,1
9,9
9,9
9,9
9,9
9,9
9,9
9,9
9,9
8,8
19,6
10,8
8,5
8,8
49,8
9,9
9,9
1,6
9,9
10,5
9,9
9,9
9,9
7,7
9,9
8,8
10,10
9,9
23,6
10,10
10,10
9,9
7,5
10,10
9,9
6,8
9,8
6,22
49,22
48,18
22,22
5,17
22,22
30,30
22,49
9,9
9,9
8,8
8,8
23,10
0,7
8,8
0,7
8,8
10,10
8,8
8,8
49,8
8,8
7,6
7,10
9,9
8,8
9,5
8,21
8,21
21,21
35,34
32,32
35,44
22,38
8,0
1,1
8,0
9,9
9,9
8,8
8,8
29,6
9,9
8,8
10,10
30,10
9,9
8,8
7,7
8,10
8,8
8,8
8,6
7,10
10,10
8,8
9,9
5,5
8,8
8,8
8,8
8,6
8,7
10,10
42,9
11,18
9,16
5,18
33,19
7,21
29,11
24,16
18,19
24,24
30,30
29,29
31,31
30,30
29,29
29,29
29,29
5,30
8,37
29,32
37,37
37,37
43,41
42,40
39,39
39,39
40,42
21,48
48,48
4,4
1,1
10,1
9,1
9,9
9,9
10,10
9,10
9,10
9,10
8,8
10,10
10,8
10,10
9,9
10,8
10,10
1,8
9,9
9,9
10,10
6,6
8,8
8,8
9,9
10,10
10,10
9,9
10,10
10,10
9,9
9,9
10,10
10,10
10,10
10,10
10,8
9,9
10,10
10,10
9,9
9,9
4,9
10,8
8,17
21,21
23,17
21,31
5,27
10,31
9,49
21,1
48,1
49,2
9,9
9,9
9,9
9,9
9,9
7,8
6,6
9,9
10,10
7,6
10,9
8,8
9,9
10,10
8,8
41,7
8,8
10,8
7,6
28,8
10,10
10,10
9,9
11,9
48,8
10,10
7,7
5,5
9,9
10,10
7,7
7,8
10,10
10,10
39,5
9,9
23,8
8,7
7,6
9,9
8,6
41,8
8,8
9,9
8,8
10,10
8,8
5,9
49,9
21,21
8,21
21,21
10,22
10,22
49,22
9,21
7,13
21,21
9,21
48,21
22,11
11,11
48,20
21,21
7,11
9,21
11,11
11,11
11,11
11,11
11,11
11,11
11,11
10,11
11,11
11,11
11,11
11,11
31,21
8,11
8,26
21,24
30,30
34,36
12,33
11,37
41,41
19,41
40,40
35,38
43,47
43,43
41,43
41,43
41,48
48,49
48,48
21,48
48,48
48,48
48,49
48,48
48,48
48,48
48,48
48,48
43,48
0,0
8,8
8,8
10,10
8,8
5,10
9,9
19,19
23,23
22,17
23,20
23,23
48,19
10,17
43,17
49,29
10,39
48,48
48,48
9,9
10,10
9,9
9,9
10,10
9,9
10,10
10,10
9,9
9,9
9,9
10,9
9,9
9,9
9,9
9,9
9,9
9,9
9,9
9,9
9,9
9,9
9,9
9,9
10,10
9,9
10,10
9,9
9,9
9,9
9,9
10,10
9,9
10,10
9,9
9,9
9,9
10,10
9,9
9,9
9,9
9,9
8,11
12,16
16,13
16,16
19,34
7,39
47,47
47,47
47,47
9,1
20,1
9,9
9,9
9,9
48,10
8,10
21,5
8,8
8,8
8,8
16,8
8,8
6,8
8,8
8,8
8,8
8,8
9,9
8,8
9,10
7,7
6,8
8,8
8,9
5,8
8,8
8,8
8,8
10,10
10,10
43,8
9,10
8,8
10,10
8,8
8,7
8,8
19,7
10,10
9,9
8,8
8,10
6,6
19,7
9,9
8,8
8,8
8,8
8,5
10,10
8,7
9,9
9,9
10,10
9,9
8,8
11,8
11,8
8,8
8,10
8,13
23,19
23,23
23,23
23,19
48,21
11,21
49,32
43,43
43,43
43,43
43,43
41,43
35,43
48,48
0,0
7,4
9,9
10,10
10,10
7,8
9,9
10,10
8,8
10,10
49,11
23,22
23,22
22,23
23,23
19,20
49,27
21,27
50,50
8,50
9,48
9,10
8,8
48,8
8,8
9,5
6,6
47,5
23,22
11,11
49,11
11,11
8,23
11,11
23,23
6,30
9,31
30,31
7,30
29,29
5,30
43,44
43,44
38,39
41,44
39,39
47,43
39,39
23,48
23,48
48,48
50,51
48,48
23,48
30,1
1,1
11,4
5,10
6,6
5,5
12,16
11,18
22,16
6,23
20,23
30,30
30,30
9,29
29,29
28,28
29,29
29,29
30,30
38,41
30,49
1,49
22,49
43,48
33,0
21,0
0,0
0,0
13,3
0,0
0,0
5,5
7,7
5,5
8,10
23,23
23,23
6,21
49,13
48,48
19,48
6,49
23,48
0,0
27,0
0,0
8,8
8,8
10,10
8,8
9,9
9,9
8,8
7,8
8,8
23,8
7,8
27,8
7,8
10,10
21,8
8,8
44,8
8,8
8,8
5,5
8,8
9,9
10,10
10,8
10,10
10,10
10,8
8,8
22,22
23,23
23,19
23,23
21,21
23,23
8,12
23,33
38,40
8,39
9,9
49,9
10,10
9,10
10,10
10,10
9,9
9,9
10,10
10,10
10,10
9,9
9,9
9,9
10,10
9,9
9,9
10,10
5,5
6,6
10,10
10,10
9,9
9,9
10,10
9,9
10,10
9,9
6,6
9,9
5,5
5,8
9,9
49,9
10,10
10,10
10,10
10,6
10,10
10,10
1,9
49,10
9,9
10,21
9,21
49,19
43,42
49,49
49,48
49,48
10,49
21,48
49,49
9,2
21,0
10,10
21,7
5,5
6,6
5,5
6,6
5,5
6,6
6,6
5,5
5,5
6,6
5,5
5,5
6,6
5,5
6,6
6,6
5,5
5,5
5,5
5,5
6,6
8,8
6,6
5,5
6,6
6,6
6,6
5,5
17,23
22,19
11,11
21,24
30,30
8,24
24,24
5,31
11,34
42,42
49,49
12,0
7,1
0,0
1,1
9,9
12,9
9,9
9,9
9,9
30,9
9,9
9,9
7,9
0,7
9,9
5,5
9,9
5,5
10,10
10,10
21,9
5,5
9,9
10,10
5,5
5,5
5,5
33,8
19,19
19,19
23,19
19,20
20,20
12,28
9,25
26,30
34,25
40,40
38,39
41,42
41,43
41,41
12,48
0,0
0,0
10,10
7,7
9,9
9,9
17,17
30,30
0,27
43,41
41,42
38,42
49,49
29,0
5,4
4,0
10,10
5,5
6,6
5,5
5,5
6,6
6,6
8,8
17,7
10,10
23,19
8,15
23,23
23,23
23,23
19,19
23,23
24,19
23,19
33,19
19,23
11,11
29,29
30,31
25,25
5,31
25,25
33,43
22,44
22,43
39,39
0,48
48,48
19,48
0,4
11,4
0,0
4,4
9,9
10,10
9,9
10,10
10,10
10,10
10,10
5,5
4,5
14,8
10,10
10,10
10,10
10,10
5,5
10,10
10,10
10,10
10,10
10,10
10,10
10,10
10,10
10,10
17,17
0,13
17,17
0,13
17,17
17,17
23,20
17,17
23,20
23,17
17,17
15,17
17,17
17,23
17,17
17,23
17,17
17,17
14,14
17,17
11,11
17,19
17,17
29,26
29,29
30,30
29,29
29,29
39,39
9,49
0,49
4,4
0,0
17,1
10,8
9,9
0,10
10,10
10,10
9,9
19,10
10,10
36,9
23,5
33,6
28,6
15,15
19,17
15,15
19,19
19,20
13,13
15,19
23,23
23,23
48,19
19,19
21,21
19,19
4,13
19,19
19,19
48,19
19,19
23,23
19,19
10,12
19,19
19,19
19,19
10,14
19,19
17,17
49,13
19,19
24,13
18,18
19,19
19,19
12,21
20,19
17,17
17,17
8,11
19,20
23,23
17,18
20,18
20,20
23,19
25,25
39,35
36,36
37,35
49,49
49,49
48,48
19,50
9,9
10,10
10,10
6,6
12,9
8,9
21,12
49,31
22,32
38,38
38,38
35,41
38,38
38,38
41,41
38,41
8,4
22,9
9,9
9,9
8,10
10,10
10,10
9,9
10,10
24,10
9,9
10,10
8,8
10,10
9,10
10,10
9,9
10,10
9,9
10,10
8,8
8,8
10,10
9,9
9,9
10,10
10,10
10,10
10,10
9,9
10,10
10,10
10,10
10,10
8,10
10,10
19,15
17,22
18,18
15,15
22,22
17,17
48,18
19,17
19,20
44,12
20,20
19,19
22,22
22,22
19,22
22,22
19,19
30,12
22,15
23,23
19,19
19,19
20,19
23,15
23,23
42,15
22,19
19,23
22,22
17,22
19,19
24,23
8,24
10,24
24,24
30,26
29,29
29,29
29,29
23,40
18,40
48,48
48,48
48,48
48,48
17,48
48,48
23,48
48,48
48,48
5,0
9,9
9,6
10,10
9,9
6,6
5,5
6,6
9,9
23,23
23,23
23,23
19,23
11,11
23,23
17,17
17,19
24,24
24,24
30,30
27,27
30,27
29,29
25,25
11,25
30,30
25,25
30,30
17,43
49,49
48,48
0,0
6,6
9,6
23,6
9,9
9,9
9,9
9,9
6,6
8,8
49,5
9,9
9,9
9,9
9,9
8,8
9,9
9,5
9,9
8,8
9,9
9,9
9,9
8,8
8,8
8,8
8,8
8,8
9,8
9,5
8,8
6,6
8,8
9,9
9,9
9,9
8,8
9,9
7,8
10,8
8,8
8,8
8,8
10,8
8,8
5,21
5,17
9,21
9,21
10,21
29,29
31,26
31,34
46,40
9,48
9,9
10,10
8,8
10,10
8,10
8,8
43,8
13,8
9,9
9,9
5,5
6,6
13,13
21,21
17,13
17,13
23,19
13,13
17,19
13,17
21,21
13,17
13,13
13,13
17,17
13,17
13,17
13,13
40,41
39,39
43,47
41,47
5,40
40,47
39,39
7,47
40,43
48,48
8,8
8,8
9,9
10,10
9,9
10,7
17,8
7,7
9,9
9,9
8,6
9,9
7,9
23,5
9,9
9,9
17,23
48,23
35,17
48,23
12,23
43,17
9,24
17,32
11,35
43,43
48,48
48,49
10,49
48,48
48,48
48,48
48,48
48,48
48,48
48,48
48,48
48,48
48,48
48,48
48,48
22,49
10,10
10,10
10,10
10,10
10,10
9,9
10,10
21,9
7,7
16,16
16,16
29,29
21,24
31,29
27,30
30,26
30,30
22,40
38,47
18,38
38,38
9,9
7,7
10,10
7,7
7,6
7,7
10,10
8,8
10,10
10,7
10,8
7,10
7,10
10,10
9,9
9,9
10,10
41,18
23,23
9,23
23,23
31,30
29,29
30,31
30,30
29,29
9,31
49,49
49,49
48,48
9,48
9,4
10,10
9,9
7,5
10,10
10,10
10,10
10,10
10,10
9,9
9,9
9,9
10,10
9,9
1,7
10,10
10,10
10,10
22,10
10,10
21,6
9,9
10,10
9,9
8,8
9,7
13,7
8,8
13,20
23,20
21,20
9,21
0,21
21,23
10,22
22,22
11,11
31,30
29,29
43,43
22,41
50,50
10,10
10,10
10,10
9,5
6,6
10,10
10,10
5,5
5,5
6,6
21,12
5,12
9,31
24,31
23,31
24,24
24,24
9,24
11,35
40,40
48,49
10,49
48,48
23,48
48,48
30,1
49,0
1,1
8,8
8,8
8,8
8,8
10,10
5,5
6,8
6,6
5,5
5,5
23,23
48,23
23,23
5,23
48,17
23,23
48,17
24,21
17,17
23,23
10,24
29,29
31,31
43,26
50,24
23,29
28,28
10,24
24,24
24,24
43,24
43,43
6,43
43,43
41,43
8,49
49,49
5,48
48,48
5,1
10,10
22,8
6,6
39,5
10,10
11,11
17,11
14,11
14,21
23,25
38,26
26,26
39,38
50,50
10,10
10,10
8,8
22,9
6,6
8,8
30,8
8,8
6,6
5,5
10,10
10,10
1,10
8,17
10,12
23,17
20,17
48,18
17,17
33,12
23,23
17,17
17,17
21,21
17,17
48,18
43,12
23,16
8,26
29,29
0,27
24,24
6,30
25,25
25,30
43,30
23,34
39,39
38,38
4,4
9,9
8,8
9,9
0,14
27,27
27,27
0,4
50,4
8,8
9,9
10,10
8,10
8,8
10,7
7,7
10,10
23,23
23,23
23,23
23,23
30,11
23,23
48,11
24,24
29,31
29,26
0,27
30,30
29,29
30,30
26,30
21,24
40,46
0,50
49,49
10,10
10,7
8,8
10,10
10,10
10,10
22,22
22,23
30,31
43,43
43,43
43,43
49,49
50,2
9,9
10,10
10,10
10,10
10,10
8,8
8,8
7,7
10,10
23,23
49,30
22,41
25,0
25,0
8,8
10,10
8,8
10,10
8,8
8,8
14,14
19,19
14,14
19,19
19,19
24,21
48,19
10,25
26,30
25,25
24,24
7,24
26,30
25,25
30,30
25,25
42,42
30,48
9,9
10,7
9,9
10,10
9,9
9,9
7,8
9,9
5,5
9,9
10,10
9,9
9,9
10,8
9,9
8,8
7,21
23,20
18,29
31,31
31,31
35,35
31,50
9,9
0,7
0,7
17,7
7,7
10,10
10,10
10,10
9,9
43,5
10,10
17,8
9,10
9,9
9,9
9,9
7,7
48,7
48,7
5,5
10,10
7,7
10,10
8,8
6,5
20,8
10,10
6,9
8,8
17,19
18,23
9,18
19,19
17,19
22,19
15,15
17,19
30,30
30,30
10,31
41,43
49,49
9,49
48,48
48,48
1,0
25,1
4,4
5,5
29,8
10,10
9,7
50,10
7,7
0,7
29,10
19,19
19,19
50,20
17,24
31,31
6,24
31,31
7,31
31,31
51,25
39,32
40,40
44,39
48,48
48,50
9,48
51,51
48,51
50,50
51,51
30,1
4,4
9,9
9,9
6,6
10,10
10,10
24,31
6,1
10,10
21,24
10,24
42,40
48,48
48,48
0,0
9,9
9,9
10,10
10,10
9,5
8,8
9,9
8,10
9,9
9,9
10,10
10,10
10,10
9,9
8,8
10,8
10,10
9,9
9,9
9,9
8,8
8,8
8,8
23,23
23,23
23,19
23,19
23,19
23,23
49,27
27,27
21,24
25,25
43,43
48,48
50,50
1,1
25,0
10,10
4,11
49,16
24,26
5,30
43,43
48,48
0,0
8,8
8,8
9,9
6,6
5,5
8,8
23,5
39,10
10,10
18,23
25,25
25,25
33,33
33,33
9,33
34,34
22,42
51,51
0,4
10,10
6,6
10,10
9,9
5,6
5,5
5,5
10,10
48,5
23,6
20,6
24,6
5,6
23,5
6,6
8,8
5,5
5,5
10,10
9,9
23,8
8,8
25,5
5,5
6,6
50,5
41,15
11,11
22,20
15,15
27,25
9,33
33,33
15,33
48,48
11,50
50,51
4,4
9,6
8,8
9,9
7,8
8,8
9,9
8,8
10,10
9,9
21,23
29,29
9,37
37,37
37,37
39,39
41,41
41,41
8,51
9,9
8,8
8,8
10,10
7,7
19,17
21,21
20,20
23,23
11,11
21,21
24,24
31,31
30,31
1,26
48,49
49,1
0,0
0,1
29,4
24,0
30,7
48,7
10,10
48,17
9,22
48,18
29,22
9,22
7,22
11,11
24,24
30,30
49,24
29,29
30,30
32,32
22,43
39,39
48,48
1,1
0,0
6,1
5,3
9,9
10,10
49,5
23,8
22,7
19,7
38,22
17,17
23,20
49,12
18,18
18,15
21,21
15,15
20,20
21,21
27,27
28,28
38,38
42,42
42,40
8,41
48,48
49,1
1,2
0,0
9,9
21,10
10,10
9,21
21,21
24,21
18,18
8,8
9,9
12,5
7,7
42,5
18,18
29,29
28,28
1,30
30,30
37,37
43,43
7,43
49,50
49,50
21,1
37,1
0,0
9,9
9,9
6,6
9,9
12,5
21,5
17,21
39,32
43,46
8,8
9,9
9,9
10,10
23,23
23,23
23,17
48,49
1,1
4,4
7,7
4,5
5,6
6,6
23,19
19,17
48,23
23,22
48,23
29,29
22,33
35,35
33,33
41,41
43,46
48,48
23,48
0,0
0,0
0,0
4,4
21,10
10,10
0,7
10,10
17,17
19,19
8,22
30,28
41,44
8,8
9,9
9,9
10,10
24,22
44,38
48,8
10,8
10,8
5,6
26,6
49,18
9,12
48,18
8,14
21,14
32,12
6,23
15,32
22,41
48,48
0,4
8,8
24,10
8,8
6,8
5,23
24,21
21,11
20,20
24,24
30,31
30,31
33,33
22,38
8,8
10,10
21,0
41,7
21,10
9,9
10,10
21,7
10,21
7,22
10,21
22,22
21,21
21,21
27,27
27,27
27,27
30,30
29,29
30,30
30,31
32,44
41,41
43,43
41,43
41,43
42,38
30,4
1,1
30,4
7,8
7,7
42,5
4,5
6,6
11,11
11,11
30,30
34,34
39,32
32,32
34,34
38,38
22,41
43,47
43,43
47,47
43,41
50,50
4,50
49,50
50,50
50,50
49,50
49,50
50,50
24,4
4,4
9,9
9,9
8,8
22,8
5,6
44,15
20,20
20,20
44,22
29,29
31,31
31,31
31,24
31,31
31,24
31,31
10,24
24,24
12,32
33,33
44,41
40,40
41,46
29,49
23,48
0,0
30,1
9,9
21,8
31,7
5,5
18,12
21,22
31,31
21,31
31,29
24,24
30,30
0,24
10,10
10,10
9,9
9,9
49,7
7,17
15,15
23,23
49,23
37,18
21,22
19,19
41,41
49,49
4,4
10,8
30,5
29,29
49,30
30,30
0,24
0,33
12,34
48,49
49,49
17,8
4,5
9,9
8,8
10,10
30,6
17,17
21,21
21,23
18,18
23,15
43,19
39,22
30,31
41,41
39,39
48,48
10,2
0,0
9,9
10,10
12,5
8,19
21,21
17,23
40,17
17,28
28,28
26,26
26,28
30,30
49,49
49,49
9,9
10,10
5,5
0,0
0,0
0,0
0,0
5,5
6,6
17,17
23,23
23,15
38,22
0,22
23,19
17,19
7,22
0,29
24,24
29,29
0,30
9,24
29,29
30,30
28,26
22,38
7,38
10,10
10,10
10,10
8,8
5,5
38,22
21,22
41,22
11,11
22,33
34,34
24,49
30,4
1,1
4,4
4,4
21,8
43,5
43,5
8,8
4,5
21,18
21,21
43,22
9,24
30,30
38,40
7,40
48,48
10,10
9,9
21,21
8,22
48,48
4,4
43,5
24,6
9,9
10,10
9,9
7,7
41,22
11,11
11,11
41,22
27,30
18,32
32,32
33,33
1,1
8,8
1,8
8,8
5,5
17,18
12,22
22,22
22,22
22,22
31,31
31,31
30,30
4,30
1,29
29,29
9,24
6,36
41,43
22,43
22,43
8,39
49,48
4,4
5,5
8,8
5,5
19,22
48,19
48,22
44,19
42,22
17,22
29,29
29,29
9,24
24,24
49,24
33,33
23,37
41,32
33,33
43,43
46,43
43,43
41,43
41,46
48,48
4,4
50,1
4,4
9,9
10,21
50,22
11,11
9,11
28,28
31,31
29,29
30,30
28,28
41,41
50,50
50,49
49,49
50,50
50,50
8,8
7,8
9,9
10,10
23,5
5,5
5,5
22,22
23,23
23,23
50,22
23,20
20,20
33,24
8,31
30,30
23,24
11,37
33,33
32,43
47,44
7,50
25,48
23,48
25,50
7,1
8,8
20,20
33,15
23,20
11,11
7,11
19,23
10,31
30,30
26,26
7,24
22,41
48,48
22,48
9,9
22,8
10,10
7,7
22,8
4,5
44,22
22,17
30,23
29,29
9,31
31,31
28,28
22,38
39,39
48,48
48,48
48,48
21,0
9,9
10,10
9,8
9,9
10,10
8,8
44,22
41,22
0,21
21,21
10,21
31,21
25,12
49,12
23,23
17,17
11,11
18,18
17,17
25,25
31,31
42,42
40,38
21,49
0,0
4,4
7,4
10,8
9,10
11,6
5,5
6,6
19,22
24,22
30,31
24,24
24,24
24,31
16,31
24,24
41,40
0,0
8,8
28,8
49,7
19,8
8,8
10,10
23,15
41,22
38,12
9,12
23,23
19,19
11,11
21,28
1,28
31,28
24,31
11,37
31,36
8,36
44,38
0,49
48,48
49,49
0,0
10,10
10,10
10,10
9,9
7,7
5,5
48,8
5,6
31,8
23,17
5,12
26,26
27,27
29,29
29,29
30,30
30,30
31,31
29,30
29,29
30,31
30,30
31,31
31,24
31,31
30,31
31,31
24,24
31,31
31,27
31,31
31,31
31,31
45,33
43,46
49,48
17,8
8,8
22,22
16,16
38,22
23,19
16,22
48,16
22,17
16,16
43,22
7,22
29,22
49,26
29,29
43,32
7,39
7,44
48,48
9,9
9,9
9,9
7,7
11,11
17,17
17,17
41,12
17,17
31,31
27,27
29,29
33,33
38,38
7,39
48,48
49,49
49,50
30,50
4,4
9,9
9,9
9,9
10,10
10,8
38,8
8,8
39,22
39,22
23,23
23,23
23,23
41,22
19,22
6,12
22,32
17,37
39,44
39,39
22,41
22,44
6,43
39,38
22,49
49,49
24,49
22,49
39,22
22,22
39,38
38,38
22,44
47,47
0,0
5,5
8,8
10,10
8,8
0,7
6,23
13,21
41,22
0,30
30,30
0,26
0,30
7,41
4,4
0,0
7,7
9,9
8,10
9,9
8,7
8,8
17,10
8,7
10,10
15,15
23,20
23,20
23,20
12,12
21,22
16,16
21,21
0,0
4,4
10,10
12,7
47,22
31,31
23,1
1,4
7,7
6,7
7,7
42,8
8,8
7,8
8,8
8,8
8,8
30,22
21,21
33,23
23,23
23,23
5,23
25,25
11,37
50,50
9,9
9,9
24,10
8,8
1,22
23,22
23,23
51,22
19,19
25,25
25,25
30,26
8,35
22,39
51,51
51,51
4,4
10,10
8,8
9,6
8,8
8,8
6,22
24,24
30,30
30,30
43,43
48,48
23,48
30,1
9,9
8,8
10,10
0,7
12,12
11,11
11,11
20,20
29,29
30,30
31,31
22,38
40,41
42,43
38,39
49,49
49,48
0,0
4,4
10,10
10,10
10,10
10,10
5,5
13,13
17,23
23,20
48,13
17,23
4,14
20,20
19,19
5,27
5,26
15,41
39,39
17,48
4,49
27,1
1,1
1,1
8,8
9,21
21,21
23,23
28,28
48,48
32,48
19,48
48,48
8,8
8,8
10,10
19,23
19,16
14,21
29,29
31,24
29,29
48,48
35,8
22,8
22,15
23,23
35,22
33,23
23,23
50,22
23,23
33,33
6,33
40,40
48,48
48,48
48,48
50,51
49,48
48,48
48,48
10,8
5,9
11,11
27,26
0,0
0,0
9,9
32,7
8,8
10,10
5,8
48,23
8,11
11,11
22,32
22,42
19,48
9,9
33,5
22,22
22,23
10,12
23,23
48,23
31,31
48,48
48,48
48,48
48,48
49,1
42,7
7,7
7,7
5,5
8,8
8,22
46,22
21,22
4,12
22,43
46,43
8,46
8,45
48,48
48,48
48,48
9,0
0,0
4,4
23,9
32,5
11,11
21,21
21,21
9,16
21,29
23,31
22,32
22,41
48,38
48,38
22,41
48,48
49,49
48,8
7,7
9,9
7,7
10,10
9,9
9,9
8,8
38,22
38,22
32,22
15,15
21,21
21,21
27,27
7,32
41,41
43,40
27,49
13,4
4,4
8,8
6,6
12,12
13,13
21,13
21,13
40,22
11,22
6,22
11,11
24,21
8,21
11,11
0,31
29,29
41,46
22,43
49,49
49,49
49,48
9,9
8,8
5,5
22,15
23,23
17,23
23,17
28,28
6,30
9,28
39,38
41,42
19,0
0,0
9,9
9,9
8,8
10,8
27,7
9,9
11,9
9,9
8,8
10,21
41,22
49,16
11,11
11,11
17,11
43,22
9,21
21,21
41,22
22,22
9,24
9,31
47,43
41,41
22,43
22,43
49,49
25,49
7,50
7,7
7,7
20,7
23,7
7,7
23,23
19,19
23,23
31,31
48,49
48,48
0,0
48,8
8,8
10,10
9,9
8,8
10,10
41,22
29,12
10,21
21,21
22,23
29,29
30,30
21,30
30,30
22,34
22,48
0,0
4,4
9,9
9,9
17,8
48,9
9,9
43,22
23,23
41,22
23,23
20,23
30,30
29,29
25,25
0,25
49,25
42,42
7,39
23,42
44,39
39,39
50,49
49,0
0,0
4,5
49,12
17,22
23,23
30,31
43,41
7,44
10,10
7,7
10,10
9,9
5,5
6,6
5,5
21,21
41,22
40,22
32,22
49,50
48,48
18,48
0,0
9,9
48,8
10,8
8,8
9,9
9,9
8,8
12,22
30,21
6,12
30,30
30,30
30,30
30,30
29,29
30,30
29,29
30,30
22,34
23,43
48,48
48,48
1,1
4,4
21,8
9,9
8,8
8,8
10,8
9,9
21,21
21,21
21,21
31,30
0,0
0,0
10,10
10,10
9,9
9,9
22,12
12,12
12,12
12,12
20,20
48,23
19,23
23,20
19,22
17,17
24,24
24,24
28,28
30,30
0,31
37,32
48,48
1,1
0,1
48,6
10,10
5,5
8,8
6,6
51,5
33,21
21,21
22,22
20,11
8,11
11,11
39,22
23,21
20,20
39,22
30,28
41,41
43,43
46,46
9,46
40,40
9,48
9,9
9,9
9,9
9,9
9,22
23,22
22,31
0,0
0,0
5,6
49,7
24,7
8,8
22,7
23,23
11,11
11,11
21,21
31,31
28,28
11,35
5,49
49,48
0,49
49,49
48,48
48,48
50,50
9,9
29,5
30,8
0,7
0,7
22,6
8,8
9,5
10,10
27,8
21,21
21,21
21,21
21,21
43,22
43,22
21,31
27,27
27,27
22,35
22,32
34,34
43,43
43,47
11,49
11,49
13,50
0,0
8,8
6,6
8,8
9,9
7,7
39,22
34,22
40,22
10,16
10,21
17,36
40,39
48,49
9,9
9,21
47,22
21,21
21,21
21,21
19,34
43,43
22,47
22,49
6,1
0,0
49,2
12,9
17,6
17,5
4,6
5,5
6,6
38,7
8,8
5,5
40,22
35,12
49,12
31,31
35,35
38,38
22,43
38,40
35,41
22,38
22,44
0,0
0,0
9,9
10,10
10,10
10,10
10,10
7,7
19,23
23,20
30,31
30,31
0,31
8,8
22,22
24,16
47,22
22,22
9,21
22,16
10,31
19,32
22,47
47,47
22,47
22,47
48,48
0,0
13,1
29,1
8,8
5,5
8,8
8,8
43,7
8,8
8,8
10,7
5,9
5,8
7,22
21,21
8,21
43,22
8,23
10,21
9,14
30,30
29,29
28,28
30,30
0,0
0,0
4,4
8,8
8,8
6,8
9,8
8,6
8,8
10,10
23,20
48,16
37,24
8,31
25,25
22,41
40,40
1,1
4,4
8,7
7,7
5,5
5,5
5,8
8,8
4,5
5,5
8,8
23,5
11,11
20,20
24,24
31,31
31,31
31,31
31,31
31,31
31,31
31,31
31,31
31,31
31,30
37,31
25,25
31,31
31,31
31,31
1,37
32,8
8,8
6,6
30,31
30,30
24,24
0,0
49,0
9,9
10,10
8,8
48,6
9,21
48,23
23,22
23,23
23,23
23,17
43,35
48,48
48,48
48,48
27,0
10,10
9,9
9,9
9,9
51,19
25,25
45,45
0,0
1,1
9,9
8,22
12,12
22,22
23,16
48,16
23,23
10,16
15,15
15,15
11,11
33,15
37,11
7,11
25,25
43,43
48,48
48,48
48,48
1,1
1,1
4,4
9,9
13,8
21,7
21,8
14,14
21,14
11,11
29,29
8,31
29,29
22,40
39,39
48,49
48,48
6,48
20,0
4,4
31,9
8,8
10,10
9,9
38,22
39,22
31,26
22,29
28,28
26,31
12,28
47,30
0,30
0,34
22,38
39,39
5,47
42,47
49,48
