8,8
8,8
10,10
8,8
9,9
8,10
10,10
10,10
9,9
9,9
9,9
10,10
10,9
10,10
9,9
9,9
9,9
8,9
9,9
9,9
9,9
8,7
9,9
10,10
9,9
8,7
9,9
9,9
17,17
17,17
22,19
17,17
17,17
17,17
15,17
15,22
17,17
17,22
18,18
17,17
17,17
17,17
22,22
18,18
17,22
17,22
7,17
17,22
17,23
22,16
18,18
15,19
17,17
17,22
22,16
22,22
8,22
22,22
17,22
17,23
18,18
17,22
8,22
18,18
17,18
17,22
11,11
18,18
17,22
18,18
48,18
30,0
9,8
48,9
13,10
10,10
7,7
10,10
47,7
10,10
8,8
47,7
8,8
10,10
8,9
8,8
10,10
7,8
8,8
10,10
7,7
10,10
10,10
10,10
9,9
7,7
10,10
10,10
10,10
21,6
10,10
8,6
10,10
10,10
10,10
10,10
8,8
10,10
21,7
10,10
8,7
8,8
8,8
9,5
8,8
8,8
9,9
8,8
8,8
19,9
10,10
8,8
9,9
21,21
21,13
10,21
13,13
21,24
24,30
24,24
8,24
21,24
24,24
10,24
24,30
31,24
31,31
21,24
24,24
7,31
14,24
24,24
24,31
47,47
47,47
47,47
47,47
47,47
41,47
47,43
43,47
47,47
12,7
10,10
5,5
19,5
5,5
21,7
8,8
21,7
10,10
8,6
11,7
6,5
0,7
10,10
5,5
5,6
7,8
19,8
10,10
10,10
9,9
8,9
9,9
23,5
24,5
10,10
8,8
23,5
4,5
21,13
11,11
17,17
48,12
11,11
48,22
49,12
23,12
7,11
6,11
12,12
7,11
6,11
9,31
12,30
7,31
12,24
24,24
11,30
22,29
41,41
43,43
43,43
41,41
49,49
9,9
9,8
9,9
8,7
13,9
9,9
49,8
9,7
8,9
9,8
8,5
6,9
8,8
9,9
10,10
30,9
8,7
8,9
8,8
8,10
9,6
9,9
48,7
21,7
9,9
8,7
8,8
22,8
15,22
17,19
48,19
17,19
19,19
19,19
22,22
19,17
17,22
23,22
17,22
48,22
19,17
29,13
23,20
29,13
19,19
17,19
48,19
30,12
33,15
34,12
17,22
17,17
17,17
13,13
17,22
13,13
19,22
23,23
17,19
48,22
17,22
17,17
19,22
17,17
23,23
44,22
34,17
13,13
13,13
34,19
33,15
17,19
1,13
17,19
17,22
23,23
17,22
5,17
5,29
30,30
29,29
30,30
29,29
30,30
48,30
31,30
29,29
29,29
13,29
29,29
48,29
29,29
7,31
49,30
29,29
41,41
32,38
7,41
48,48
48,48
48,48
22,48
48,48
17,48
48,48
49,48
48,48
48,48
9,48
49,48
21,48
23,48
48,48
5,49
48,48
48,48
49,48
30,49
17,49
13,49
7,1
0,0
8,8
8,7
9,9
8,8
7,7
10,10
10,10
2,7
9,9
10,10
7,7
0,6
7,7
7,7
21,7
10,10
9,9
9,7
8,8
10,10
11,9
9,9
7,7
9,9
0,7
10,10
7,7
9,9
9,9
7,9
9,9
9,9
9,9
7,7
7,7
7,7
10,9
17,17
7,21
21,21
12,21
49,24
7,24
33,33
41,41
18,44
43,43
22,47
41,41
48,48
49,49
49,49
49,48
48,48
9,9
9,9
9,9
9,9
10,10
9,9
8,8
9,9
10,10
8,10
8,8
9,9
9,9
9,9
9,9
9,9
10,10
9,9
10,10
10,10
9,9
9,9
10,10
9,9
10,10
9,9
9,9
9,9
9,9
9,9
10,10
9,9
9,9
10,10
10,10
8,10
10,10
10,10
10,8
9,9
9,9
9,9
9,9
10,10
8,8
19,19
42,42
42,42
8,8
9,9
10,10
10,10
9,9
9,9
9,9
7,8
10,9
10,10
10,10
31,7
10,10
7,7
10,10
10,10
10,10
7,10
7,7
10,10
10,10
10,10
9,9
10,10
10,10
8,8
10,10
23,7
9,9
9,9
8,8
22,12
7,31
7,31
9,31
31,31
49,49
10,48
28,0
21,9
9,9
21,9
21,10
21,10
9,9
8,8
21,10
6,9
10,8
8,6
8,10
7,8
8,8
8,8
8,10
10,10
20,6
8,8
48,12
24,21
21,21
21,21
21,21
21,21
21,21
23,21
24,21
21,21
21,21
21,21
21,21
21,21
21,21
29,13
21,21
21,21
21,21
21,21
21,21
21,21
21,21
20,22
21,21
8,23
21,21
21,21
23,23
23,23
23,22
23,23
23,23
23,21
23,21
23,23
23,23
23,23
23,23
24,13
24,21
21,21
21,21
21,21
23,21
23,23
24,23
23,20
28,16
23,20
16,16
16,16
21,21
23,23
11,11
21,16
23,23
20,23
21,16
23,23
21,21
21,21
24,21
21,14
21,14
21,21
14,20
23,23
1,27
28,28
21,31
29,26
27,27
29,29
13,27
24,27
16,27
29,29
16,31
16,31
26,26
29,29
27,26
0,0
0,1
0,0
0,0
0,1
0,0
0,0
0,0
1,0
49,1
0,1
1,0
48,17
48,17
49,27
0,43
0,49
48,48
49,49
48,48
49,49
49,0
8,8
8,8
5,5
11,8
6,6
6,6
5,5
5,5
30,5
49,9
7,7
50,6
4,12
5,11
12,11
20,20
12,12
33,12
5,24
49,24
7,35
22,42
46,40
48,48
48,48
49,49
49,49
49,49
49,49
49,49
49,49
49,49
49,49
49,49
49,49
49,49
49,49
49,49
49,49
49,49
49,49
49,49
6,48
4,0
8,8
10,10
7,7
10,10
10,10
10,10
24,9
9,9
8,5
11,5
10,10
19,19
17,19
17,15
23,22
6,12
28,28
24,24
24,24
24,24
24,24
23,24
17,24
24,24
43,43
49,49
8,49
5,49
49,49
49,49
16,8
10,10
9,9
9,9
10,10
8,10
10,10
8,8
10,10
10,10
9,9
8,8
8,8
10,8
9,9
9,9
9,9
8,8
8,8
10,10
9,9
10,10
21,21
16,16
16,16
21,11
16,16
21,13
21,21
16,16
8,21
16,16
21,21
16,22
24,24
16,24
21,24
49,24
49,49
49,49
0,0
7,0
8,0
9,9
9,9
9,9
9,9
9,10
9,9
9,9
9,9
9,9
10,10
9,8
9,9
9,9
9,9
8,8
9,9
10,8
10,10
10,10
8,8
9,9
9,9
10,10
10,10
9,10
10,10
10,10
9,9
11,10
8,8
21,9
8,8
9,9
9,9
36,10
31,9
10,8
9,9
10,10
8,10
9,9
24,10
9,9
8,8
9,9
10,10
9,9
10,10
9,9
9,9
10,10
9,9
31,10
10,10
9,9
36,9
36,8
0,9
10,10
9,9
0,10
10,10
8,10
10,10
19,9
9,9
9,9
10,8
8,8
9,9
10,10
9,9
8,8
9,9
9,9
8,8
11,10
10,8
9,9
0,9
8,10
4,7
9,9
9,9
10,21
10,11
9,31
49,31
0,34
34,34
36,36
9,36
36,36
36,36
36,36
36,36
9,36
36,36
36,36
36,36
36,36
38,38
41,46
38,38
38,38
36,49
0,0
31,0
13,0
0,0
31,0
31,0
30,0
1,0
0,0
31,0
31,0
31,0
31,0
31,0
21,0
7,0
31,0
1,1
0,0
31,0
31,1
31,0
0,0
0,0
49,1
21,1
49,1
9,9
17,9
5,5
1,6
10,10
49,9
9,9
10,10
10,10
1,9
31,10
10,7
31,10
10,10
24,10
0,10
8,7
0,9
31,9
0,7
10,10
10,10
10,10
7,7
0,10
10,10
31,7
31,9
0,10
49,9
10,10
31,9
9,9
1,10
9,9
9,9
1,9
31,9
10,10
10,10
0,7
10,10
9,9
1,9
9,9
0,9
31,9
31,13
1,12
23,11
31,21
1,13
1,31
0,31
31,31
31,31
9,31
31,31
31,31
31,31
31,31
31,31
9,31
29,29
10,31
31,31
31,31
31,31
31,31
31,31
31,31
31,31
31,31
31,31
31,31
31,31
31,31
9,31
31,31
31,31
0,31
31,31
10,31
31,31
31,31
29,29
0,29
31,31
31,31
0,27
31,31
31,31
31,31
31,31
31,31
1,31
31,31
0,31
31,31
1,31
31,31
49,30
31,31
31,31
49,30
31,31
49,30
31,31
13,31
31,31
44,44
29,41
31,49
48,49
1,49
31,49
9,49
0,49
49,49
1,49
49,49
49,49
49,49
49,49
49,49
1,49
29,48
49,49
49,49
31,49
49,49
49,49
49,49
49,49
1,49
1,49
14,49
49,49
23,49
4,4
3,3
9,9
9,9
10,10
10,10
10,10
10,10
10,10
10,10
10,10
10,10
10,10
8,8
9,9
8,8
8,5
10,10
9,9
7,7
10,10
10,9
10,10
8,8
9,9
10,10
9,9
17,8
8,8
8,8
10,5
21,5
21,5
8,8
7,6
8,8
29,8
8,8
6,6
10,8
10,10
5,21
10,21
38,12
8,13
40,24
7,24
17,24
29,26
29,29
22,43
41,41
49,0
0,0
49,2
49,0
49,9
9,9
9,9
11,18
11,11
9,24
29,26
27,27
49,49
49,49
0,49
0,49
49,49
17,48
49,49
49,49
49,49
49,49
49,49
49,49
49,49
49,49
49,49
49,49
9,9
8,8
9,9
10,9
9,9
9,9
9,9
10,10
23,7
7,7
9,9
9,10
9,9
5,5
7,7
10,10
49,7
7,8
7,7
17,7
7,9
7,7
8,7
25,7
9,9
7,9
17,17
17,17
48,18
23,23
7,17
48,17
23,20
23,20
17,23
49,19
17,17
49,20
17,17
19,22
11,13
17,22
17,17
17,22
23,20
31,31
31,31
31,31
31,31
31,31
31,31
31,31
49,26
48,41
49,41
48,48
17,48
49,49
4,49
17,48
48,48
7,49
49,49
49,48
49,49
48,49
48,48
49,49
49,49
49,49
7,49
19,49
49,49
7,49
48,49
49,49
49,49
17,49
30,0
1,1
1,1
1,1
27,4
9,9
9,8
29,7
10,10
27,8
9,9
9,6
10,10
27,7
6,9
9,9
29,8
18,9
50,9
10,9
9,9
9,10
27,7
10,10
50,10
8,5
10,10
42,9
9,9
49,10
48,7
8,7
5,5
8,9
29,9
10,7
4,5
10,10
9,7
9,9
19,12
12,12
26,26
27,27
26,26
30,30
27,27
29,26
30,30
29,29
9,30
30,30
27,27
10,27
9,29
30,30
29,29
27,27
30,29
26,26
26,26
4,27
26,26
30,29
26,26
27,27
27,27
49,29
37,37
49,49
49,49
10,49
48,48
49,49
30,49
49,49
49,49
49,49
9,9
9,9
5,5
9,9
48,9
8,8
9,9
9,9
9,9
9,9
8,5
8,8
9,9
17,9
10,9
9,9
9,7
13,9
8,10
23,9
8,8
9,9
8,8
9,9
17,17
19,17
17,23
17,17
17,17
17,17
17,17
40,17
13,17
11,17
9,17
22,22
43,17
17,23
23,19
14,14
23,19
13,14
8,13
23,23
8,13
23,23
17,23
23,23
17,18
17,17
13,13
21,13
23,23
23,23
8,21
13,13
13,30
32,32
23,33
43,41
9,48
48,48
9,9
9,9
9,9
7,7
9,7
7,7
9,9
9,9
10,10
9,10
9,9
8,8
10,10
10,10
9,9
9,9
10,10
9,9
7,7
9,9
10,10
19,8
49,9
9,9
9,9
9,9
9,9
10,10
10,10
8,8
10,10
9,9
8,8
7,7
9,6
9,9
10,10
19,8
9,9
10,10
8,8
10,10
8,9
49,10
10,10
9,9
10,10
49,9
9,9
10,8
10,10
7,7
6,6
49,10
48,9
23,5
10,8
8,8
49,9
9,10
8,8
8,8
49,9
8,8
9,9
9,9
8,8
9,9
9,9
9,9
19,19
20,22
48,20
49,19
23,17
23,19
48,19
17,17
19,19
19,19
23,23
48,17
10,19
19,17
30,30
30,30
29,29
29,29
42,41
17,48
49,49
9,48
49,49
49,49
49,49
49,49
49,49
48,48
8,49
9,48
7,49
49,49
49,49
49,49
49,48
49,49
49,49
49,49
49,49
49,49
49,49
49,49
49,49
49,49
29,49
49,49
49,49
49,49
49,49
49,49
49,49
0,49
49,49
49,49
49,49
49,49
8,9
8,8
8,8
8,8
8,8
8,7
22,10
10,10
7,7
7,10
37,9
10,10
10,10
6,6
8,8
11,11
11,11
11,11
11,11
11,11
33,15
33,15
11,19
8,17
37,22
23,23
13,13
17,17
23,17
44,19
49,11
28,29
8,24
8,24
24,24
29,29
30,30
30,30
37,24
24,24
24,24
26,26
26,29
28,28
33,33
22,44
42,44
37,41
5,43
47,43
22,41
48,49
4,4
0,0
7,4
27,1
43,1
4,4
4,4
9,9
9,9
9,9
10,10
10,10
10,10
10,10
9,9
9,9
10,10
9,9
10,10
9,9
10,10
10,10
10,10
17,17
17,17
17,19
19,17
15,17
11,15
33,15
15,15
15,17
15,17
27,27
28,26
22,35
15,33
15,33
23,47
39,39
39,39
7,38
43,42
49,49
28,4
0,0
0,0
0,0
4,4
9,9
8,8
9,9
10,10
0,7
9,9
10,10
49,7
41,23
23,23
22,17
20,17
11,17
23,23
20,17
25,25
30,30
33,33
36,36
36,36
36,36
36,36
7,37
39,38
49,49
48,48
49,49
4,50
29,4
10,10
10,10
9,9
8,8
10,10
10,10
10,10
8,7
48,17
23,15
11,11
17,15
17,17
11,11
23,23
48,17
9,15
23,15
30,30
29,29
30,30
15,33
42,41
42,42
42,42
42,42
42,42
40,42
42,42
40,42
42,40
42,43
48,48
48,48
50,48
0,50
49,50
1,49
49,49
4,4
10,10
10,10
9,9
10,10
10,10
9,9
9,9
5,5
22,19
10,48
0,0
4,1
4,4
9,9
33,7
9,9
8,7
9,9
10,10
9,9
21,7
7,7
8,7
8,7
10,10
23,17
17,22
23,23
17,17
17,22
19,19
17,19
23,17
21,21
17,17
17,17
19,17
17,17
17,33
33,33
19,33
17,33
9,34
34,34
19,33
44,41
1,1
21,21
22,17
6,22
21,13
14,21
11,11
17,19
17,17
47,19
17,17
17,17
17,19
17,19
19,19
5,17
24,24
31,24
30,24
6,29
29,29
33,33
49,49
49,50
49,49
49,50
49,48
49,49
49,49
49,49
49,49
4,4
4,4
9,9
7,7
10,10
10,10
8,8
7,8
9,9
8,8
8,8
8,8
10,10
8,7
8,8
7,7
7,7
8,8
9,7
8,7
8,7
20,20
23,23
19,22
20,17
20,17
20,17
23,23
19,22
20,23
8,22
17,17
17,20
17,17
17,20
17,20
22,20
23,18
26,26
37,30
24,30
48,29
38,38
38,39
6,43
8,49
50,48
50,49
48,49
22,48
11,4
5,5
6,6
9,9
22,10
6,6
22,22
11,11
29,26
17,33
34,34
0,0
0,0
9,9
10,10
7,10
50,26
50,24
8,24
0,24
24,24
37,37
24,32
42,42
39,42
42,47
46,42
44,44
44,44
12,41
43,41
47,41
48,49
49,49
49,49
49,49
49,49
49,49
48,48
49,49
50,50
49,50
49,49
48,49
49,50
10,0
8,7
10,8
7,7
7,7
8,8
9,9
8,8
7,7
8,8
8,8
10,10
8,8
8,7
9,9
8,8
19,17
17,17
17,17
10,17
20,23
48,17
20,17
17,17
17,17
19,17
17,17
18,17
8,22
11,22
17,19
29,29
49,29
49,49
49,49
49,49
49,49
0,0
9,2
9,9
10,10
29,29
7,27
46,46
35,40
43,41
43,41
48,43
0,0
50,0
49,0
0,0
0,0
0,0
4,4
6,6
10,10
10,10
5,5
8,10
10,10
10,10
9,9
10,10
10,10
10,10
9,9
8,8
8,10
5,21
23,23
19,19
19,17
17,17
23,18
23,23
17,23
22,19
48,18
23,23
21,21
0,21
35,35
44,44
39,39
11,48
50,50
51,50
50,50
50,50
0,0
4,4
10,8
9,9
10,10
9,5
9,9
8,8
8,9
10,10
10,10
10,10
10,10
10,10
9,5
10,10
8,8
17,17
19,15
17,17
23,23
19,19
19,17
15,15
50,19
48,15
31,31
29,31
9,31
33,33
15,33
47,44
35,38
41,41
49,49
0,0
0,0
0,0
0,0
0,0
9,9
10,10
8,10
10,10
10,10
11,11
19,19
23,17
17,17
35,35
41,41
49,49
49,49
4,4
1,1
4,4
10,10
8,8
8,8
31,10
10,10
9,9
10,10
8,10
10,10
18,10
9,9
10,10
10,10
10,10
17,23
20,23
17,17
20,18
8,20
17,17
20,20
20,20
23,23
23,22
10,11
11,11
7,31
29,29
25,25
25,25
4,30
42,38
43,43
15,41
40,38
48,48
48,48
4,4
8,8
9,6
10,10
10,10
9,9
10,10
10,10
9,9
10,10
10,10
10,10
10,10
14,14
17,22
23,23
14,14
21,14
11,14
21,14
9,31
8,8
10,10
9,9
9,9
9,9
9,9
9,9
27,24
27,24
24,24
49,34
10,10
8,8
10,8
34,12
12,12
8,18
21,21
42,42
49,49
49,49
49,49
9,10
21,9
21,10
21,21
21,21
21,21
21,21
21,21
21,21
21,21
21,30
21,30
43,32
42,42
42,42
8,8
9,9
8,8
10,10
10,10
9,9
9,9
8,9
10,10
10,10
16,9
5,5
5,5
17,17
21,21
29,18
29,29
29,29
31,31
49,49
49,49
10,4
17,0
48,4
4,4
6,10
8,8
8,8
10,8
9,9
9,9
9,9
23,20
19,17
20,20
23,23
21,21
21,21
21,21
23,20
20,20
23,23
20,20
47,23
23,23
9,20
29,23
23,23
20,20
20,20
30,20
19,23
19,23
23,23
23,23
22,23
23,23
11,11
20,20
17,17
17,17
20,20
22,22
17,17
29,29
29,29
26,26
30,30
24,24
19,29
4,30
27,29
31,31
31,31
8,31
31,31
31,31
24,31
10,31
31,31
48,24
31,31
20,48
49,49
48,48
48,48
8,49
0,0
0,0
0,0
0,0
8,8
9,9
9,9
9,9
8,8
8,8
8,8
8,8
19,19
19,19
23,23
23,23
23,23
19,23
23,23
19,23
19,19
19,19
19,19
19,19
22,19
19,19
19,19
19,17
19,17
23,23
19,17
19,19
21,13
23,19
19,19
19,23
24,22
13,21
13,21
8,24
24,24
0,26
48,48
10,10
9,9
31,9
21,20
21,22
22,21
21,22
21,21
21,21
21,21
21,21
31,31
31,31
31,31
31,31
31,31
31,31
31,31
31,31
31,31
31,31
31,31
31,31
31,31
31,31
30,0
9,9
10,10
9,7
8,8
9,9
8,8
10,10
8,8
17,20
17,23
19,19
30,30
29,29
30,30
29,29
39,39
49,49
48,48
9,9
7,9
6,8
0,7
7,8
7,7
7,7
7,8
8,8
7,8
7,7
7,7
9,9
9,9
8,8
5,9
7,7
7,9
7,10
10,10
9,9
9,7
8,8
18,7
8,8
7,7
7,8
10,7
0,7
10,10
6,9
8,7
7,7
7,7
7,9
8,8
8,8
7,5
8,7
49,7
29,10
7,8
26,8
6,6
5,7
5,16
23,23
48,18
23,23
11,11
30,30
29,29
30,29
21,48
0,49
49,49
24,7
8,8
9,7
40,7
7,7
7,7
7,7
8,7
6,6
16,7
8,8
12,9
7,9
22,8
10,9
9,10
8,8
7,7
40,5
8,10
8,7
7,9
8,8
8,9
8,10
8,10
10,8
10,10
35,7
30,7
8,8
8,10
5,5
7,10
7,8
6,5
6,8
21,10
8,8
8,10
8,8
12,10
10,10
12,9
29,7
0,7
9,9
8,8
6,5
8,8
8,8
40,8
8,9
8,7
10,8
8,8
12,12
8,11
11,11
11,11
7,21
8,21
11,11
11,11
9,11
7,17
11,11
7,30
30,30
27,27
32,32
34,34
0,34
0,34
41,32
42,42
38,39
42,40
9,43
38,38
42,44
32,38
41,41
8,49
49,49
49,49
9,49
49,49
9,9
5,5
9,9
10,9
10,10
9,9
10,10
7,7
9,6
6,6
35,7
5,6
11,11
21,19
10,20
35,35
35,32
41,32
37,37
37,37
41,41
19,48
7,1
27,1
7,1
0,0
4,4
18,1
5,4
21,1
4,4
0,0
48,2
38,4
10,10
7,10
10,10
10,10
21,7
10,10
10,10
10,10
10,10
10,9
11,10
9,9
21,21
21,21
24,14
11,11
12,12
14,19
17,19
11,11
11,11
19,19
19,19
23,23
0,20
23,23
31,24
21,24
29,29
30,30
31,31
27,27
29,29
30,30
27,27
29,29
30,30
27,29
27,27
7,31
27,27
27,27
12,28
26,26
28,28
26,26
27,28
0,30
27,27
30,30
26,26
26,26
12,33
12,33
23,34
11,37
47,43
44,44
47,47
38,40
35,47
38,39
47,47
38,38
44,44
47,42
38,39
49,48
23,48
30,48
10,0
10,10
21,1
9,9
9,9
9,9
9,9
9,9
9,9
9,9
9,9
8,8
17,6
6,8
8,5
8,8
49,8
9,9
9,9
1,6
9,9
9,5
22,9
9,9
9,9
0,7
9,9
8,8
10,10
9,9
8,6
10,10
10,10
9,9
8,5
10,10
9,9
8,8
8,8
9,22
49,22
48,18
22,22
5,17
22,22
30,30
22,49
9,9
9,9
8,8
8,8
19,10
0,7
8,8
0,7
8,8
10,10
8,8
8,8
0,8
7,8
7,6
7,10
9,9
8,8
9,5
23,21
8,21
24,21
35,34
6,32
35,44
32,38
8,0
1,1
24,0
9,9
9,9
8,8
5,8
1,6
9,9
8,8
10,10
8,10
9,9
8,8
7,7
10,10
8,8
8,8
8,6
8,10
10,10
8,8
10,9
5,5
8,8
8,8
8,8
8,6
7,7
10,10
42,9
11,18
11,16
8,18
19,19
21,21
29,11
22,16
48,19
24,24
30,30
29,29
31,31
30,30
29,29
29,29
29,29
30,30
37,37
8,32
37,37
37,37
43,41
40,40
5,39
39,39
40,42
21,48
21,48
4,4
9,1
8,1
1,1
9,9
9,9
10,10
10,10
9,10
10,10
8,8
10,10
8,8
10,10
9,9
10,8
10,10
1,8
9,9
9,9
10,10
6,6
8,8
8,8
9,9
10,10
10,10
9,9
10,10
10,10
9,9
9,9
10,10
10,10
10,10
10,10
10,8
9,9
10,10
10,10
10,9
21,9
4,9
10,8
41,17
21,21
19,17
10,31
5,27
21,31
9,49
7,1
6,1
49,2
9,9
9,9
9,9
9,9
9,9
7,8
6,6
9,9
10,10
8,6
10,9
8,8
9,9
10,10
8,8
41,7
8,8
7,8
7,6
5,8
10,10
10,10
9,9
11,9
48,8
10,10
22,7
5,5
9,9
10,10
7,7
8,8
10,10
10,10
38,5
9,9
48,8
8,7
7,6
9,9
8,6
41,8
8,8
9,9
8,8
10,10
8,8
9,9
48,9
21,21
6,21
21,21
10,22
10,22
22,22
22,21
21,13
21,21
10,21
48,21
22,11
11,11
22,20
7,21
11,11
11,21
11,11
11,11
11,11
11,11
11,11
11,11
11,11
11,11
11,11
11,11
11,11
11,11
50,21
11,11
8,26
21,24
30,30
48,36
12,33
37,37
43,41
22,41
40,40
38,38
48,47
41,43
43,43
41,43
41,48
48,49
8,48
11,48
48,48
48,48
48,49
48,48
8,48
9,48
48,48
23,48
43,48
0,0
8,8
8,8
10,10
8,8
10,10
9,9
23,19
23,23
22,17
23,20
23,23
19,19
10,17
41,17
0,29
10,39
48,48
23,48
9,9
10,10
9,9
10,9
10,10
9,9
10,10
10,10
9,9
9,9
9,9
10,9
9,9
9,9
9,9
9,9
9,9
9,9
9,9
9,9
9,9
9,9
9,9
9,9
10,10
10,9
10,10
9,9
9,9
9,9
9,9
10,10
9,9
10,10
9,9
9,9
10,9
10,10
9,9
9,9
9,9
9,9
8,11
12,16
5,13
16,16
22,34
7,39
47,47
47,47
47,47
7,1
0,1
9,9
9,9
9,9
21,10
8,10
8,5
8,8
8,8
8,8
16,8
8,8
8,8
8,8
8,8
8,8
8,8
9,9
8,8
10,10
7,7
8,8
8,8
8,9
5,8
8,8
8,8
8,8
10,10
10,10
8,8
10,10
8,8
10,10
8,8
5,7
8,8
19,7
8,10
8,9
8,8
8,10
6,6
48,7
9,9
8,8
8,8
8,8
5,5
10,10
8,7
9,9
9,9
10,10
9,9
8,8
11,8
11,8
6,8
8,10
8,13
19,19
23,23
23,23
17,19
48,21
49,21
41,32
46,43
46,43
43,43
43,43
41,43
43,43
16,48
0,0
7,4
9,9
10,10
10,10
7,8
9,9
10,10
8,8
10,10
49,11
23,22
23,22
23,23
23,23
23,20
49,27
21,27
49,50
4,50
9,48
8,10
8,8
8,8
8,8
5,5
6,6
38,5
22,22
11,11
11,11
11,11
8,23
11,11
23,23
6,30
9,31
31,31
30,30
29,29
5,30
43,44
43,44
39,39
40,44
39,39
43,43
39,39
23,48
48,48
48,48
50,51
48,48
12,48
1,1
1,1
11,4
9,10
6,6
5,5
48,16
11,18
16,16
6,23
8,23
30,30
30,30
31,29
29,29
28,28
29,29
29,29
30,30
41,41
4,49
1,49
22,49
48,48
33,0
21,0
0,0
0,0
13,3
0,0
0,0
5,5
22,7
5,5
10,10
23,23
23,23
10,21
48,13
48,48
48,48
8,49
23,48
0,0
0,0
0,0
8,8
10,8
10,10
8,8
9,9
9,9
8,8
8,8
8,8
23,8
7,8
27,8
7,8
10,10
21,8
8,8
44,8
8,8
8,8
5,5
8,8
9,9
10,10
10,8
10,10
10,10
10,8
8,8
23,22
23,23
8,19
23,23
21,21
23,23
10,12
23,33
39,40
8,39
9,9
9,9
10,10
10,10
10,10
10,10
9,9
9,9
10,10
10,10
10,10
9,9
9,9
9,9
10,10
10,9
9,9
10,10
5,5
6,6
10,10
10,10
9,9
10,9
10,10
9,9
10,10
10,9
6,6
9,9
5,5
9,8
9,9
49,9
10,10
10,10
10,10
6,6
10,10
10,10
1,9
10,10
9,9
10,21
9,21
49,19
43,42
49,49
49,48
49,48
1,49
20,48
49,49
21,2
21,0
10,10
7,7
5,5
6,6
5,5
6,6
5,5
6,6
6,6
5,5
5,5
6,6
5,5
5,5
6,6
5,5
6,6
6,6
5,5
5,5
5,5
5,5
6,6
8,8
6,6
5,5
6,6
6,6
6,6
5,5
19,23
19,19
11,11
24,24
30,30
8,24
24,24
5,31
11,34
42,42
13,49
12,0
49,1
0,0
1,1
9,9
12,9
9,9
9,9
9,9
30,9
9,9
0,9
10,9
0,7
9,9
5,5
7,9
22,5
10,10
10,10
24,9
5,5
9,9
10,10
5,5
5,5
24,5
8,8
19,19
19,19
23,19
20,20
23,20
12,28
9,25
31,30
21,25
23,40
44,39
41,42
41,43
41,41
48,48
0,0
0,0
10,10
7,7
9,9
9,9
17,17
30,30
30,27
41,41
7,42
43,42
49,49
4,0
4,4
4,0
10,10
5,5
6,6
5,5
5,5
6,6
9,6
8,8
23,7
8,10
23,19
22,15
23,23
23,23
20,23
19,19
23,23
21,19
22,19
33,19
23,23
11,11
26,29
26,31
0,25
5,31
25,25
44,43
44,44
43,43
39,39
19,48
31,48
19,48
4,4
11,4
0,0
4,4
9,9
10,10
9,9
10,10
10,10
10,10
10,10
5,5
4,5
11,8
10,10
10,10
10,10
10,10
5,5
10,10
10,10
10,10
10,10
10,10
10,10
10,10
8,10
10,10
17,17
0,13
17,17
0,13
17,17
19,17
17,20
17,17
20,20
23,17
17,17
17,17
17,17
17,23
17,17
17,23
17,17
17,17
11,14
17,17
11,11
19,19
17,17
26,26
29,29
30,30
29,29
29,29
38,39
49,49
9,49
4,4
0,0
1,1
31,8
9,9
0,10
10,10
10,10
9,9
19,10
10,10
36,9
23,5
23,6
28,6
19,15
33,17
15,15
15,19
15,20
21,13
15,19
23,23
23,23
19,19
19,19
21,21
19,19
13,13
47,19
19,19
48,19
19,19
19,23
19,19
10,12
15,19
19,19
19,19
24,14
19,19
17,17
12,13
19,19
21,13
18,18
19,19
19,19
7,21
23,19
17,17
17,17
8,11
19,20
41,23
19,18
20,18
20,20
17,19
25,25
43,35
36,36
33,35
49,49
4,49
19,48
49,50
9,9
10,10
10,10
6,6
8,9
26,9
12,12
29,31
32,32
38,38
39,38
35,41
38,38
38,38
22,41
38,41
4,4
9,9
9,9
9,9
8,10
10,10
10,10
9,9
10,10
9,10
9,9
10,10
8,8
10,10
9,10
10,10
9,9
10,10
9,9
10,10
8,8
22,8
10,10
9,9
9,9
10,10
10,10
10,10
10,10
9,9
10,10
10,10
10,10
10,10
8,10
10,10
48,15
17,22
18,18
15,15
9,22
5,17
48,18
19,17
19,20
44,12
20,20
19,19
44,22
22,22
23,22
22,22
19,19
30,12
22,15
23,23
19,19
19,19
20,19
23,15
23,23
22,15
22,19
23,23
19,22
17,22
17,19
15,23
24,24
24,24
24,24
30,26
29,29
29,29
29,29
15,40
18,40
48,48
48,48
48,48
48,48
19,48
48,48
48,48
48,48
48,48
8,0
9,9
9,6
10,10
9,9
6,6
21,5
6,6
9,9
19,23
23,23
19,23
17,23
11,11
23,23
19,17
19,19
24,24
24,24
30,30
27,27
30,27
29,29
25,25
11,25
30,30
25,25
30,30
19,43
11,49
48,48
0,0
9,6
9,6
17,6
9,9
5,9
9,9
9,9
6,6
8,8
49,5
5,9
9,9
9,9
9,9
8,8
9,9
9,5
9,9
8,8
9,9
9,9
9,9
8,8
8,8
8,8
8,8
8,8
9,8
9,5
8,8
6,6
8,8
9,9
9,9
9,9
8,8
9,9
8,8
8,8
8,8
8,8
8,8
50,8
8,8
8,21
5,17
21,21
10,21
31,21
0,29
26,26
21,34
39,40
9,48
9,9
10,10
8,8
10,10
8,10
8,8
8,8
13,8
9,9
9,9
5,5
6,6
13,13
21,21
17,13
17,13
17,19
41,13
13,19
13,17
21,21
13,17
13,13
13,13
17,17
13,17
17,17
13,13
41,41
39,39
43,47
41,47
47,40
43,47
39,39
7,47
40,43
49,48
32,8
8,8
9,9
10,10
9,9
7,7
17,8
7,7
9,9
9,9
8,6
9,9
7,9
20,5
9,9
9,9
17,23
48,23
35,17
0,23
12,23
17,17
24,24
17,32
35,35
43,43
48,48
48,49
9,49
48,48
48,48
48,48
48,48
48,48
49,48
49,48
48,48
48,48
48,48
48,48
48,48
48,49
10,10
10,10
10,10
10,10
10,10
9,9
10,10
9,9
7,7
16,16
16,16
29,29
21,24
24,29
26,30
26,26
30,30
38,40
38,47
38,38
38,38
9,9
7,7
10,10
7,7
7,6
7,7
10,10
8,8
10,10
10,7
10,8
10,10
23,10
10,10
9,9
9,9
10,10
41,18
23,23
23,23
23,23
31,30
29,29
31,31
30,30
7,29
31,31
49,49
49,49
48,48
48,48
9,4
10,10
9,9
8,5
10,10
10,10
10,10
10,10
10,10
9,9
9,9
9,9
10,10
9,9
1,7
10,10
10,10
10,10
7,10
10,10
8,6
9,9
10,10
9,9
8,8
7,7
49,7
8,8
21,20
23,20
21,20
21,21
21,21
22,23
10,22
14,22
11,11
49,30
7,29
43,43
23,41
50,50
10,10
10,10
10,10
5,5
6,6
10,10
10,10
17,5
5,5
6,6
49,12
9,12
24,31
10,31
12,31
24,24
24,24
9,24
41,35
40,40
50,49
49,49
48,48
23,48
49,48
30,1
0,0
1,1
8,8
8,8
8,8
8,8
10,10
5,5
6,8
6,6
5,5
5,5
23,23
48,23
23,23
5,23
48,17
49,23
48,17
24,21
48,17
23,23
8,24
29,29
31,31
42,26
50,24
29,29
12,28
8,24
24,24
24,24
42,24
42,43
41,43
41,43
42,43
8,49
49,49
5,48
48,48
5,1
10,10
8,8
6,6
39,5
10,10
11,11
17,11
14,11
24,21
19,25
38,26
26,26
41,38
8,50
10,10
5,10
8,8
13,9
6,6
8,8
8,8
8,8
6,6
5,5
10,10
10,10
39,10
8,17
23,12
23,17
26,17
17,18
17,17
33,12
23,23
17,17
17,17
24,21
48,17
48,18
30,12
23,16
26,26
29,29
25,27
23,24
6,30
25,25
30,30
26,30
21,34
38,39
38,38
4,4
9,9
8,8
9,9
21,14
27,27
27,27
0,4
4,4
8,8
24,9
10,10
8,10
8,8
10,7
7,7
10,10
23,23
23,23
23,23
23,23
24,11
23,23
11,11
23,24
29,31
29,26
0,27
31,30
29,29
30,30
30,30
24,24
41,46
50,50
49,49
10,10
10,7
8,8
10,10
10,10
21,10
22,22
23,23
30,31
43,43
43,43
43,43
0,49
10,2
9,9
10,10
10,10
10,10
10,10
8,8
8,8
7,7
10,10
12,23
48,30
22,41
0,0
25,0
8,8
8,10
8,8
10,10
8,8
8,8
14,14
19,19
14,14
19,19
19,19
21,21
19,19
10,25
48,30
25,25
7,24
8,24
30,30
25,25
49,30
25,25
42,42
30,48
9,9
8,7
9,9
10,10
9,9
9,9
8,8
9,9
5,5
9,9
10,10
9,9
9,9
8,8
9,9
8,8
9,21
18,20
6,29
31,31
31,31
35,35
31,50
9,9
0,7
0,7
17,7
49,7
10,10
10,10
10,10
9,9
42,5
10,10
17,8
10,10
9,9
9,9
9,9
10,7
23,7
34,7
5,5
10,10
8,7
10,10
7,8
6,5
49,8
10,10
9,9
8,8
7,19
48,23
20,18
23,19
20,19
9,19
9,15
17,19
31,30
30,30
4,31
43,43
49,49
9,49
9,48
48,48
4,0
25,1
4,4
5,5
29,8
10,10
9,7
43,10
29,7
7,7
29,10
33,19
19,19
50,20
17,24
31,31
10,24
31,31
7,31
31,31
25,25
39,32
40,40
39,39
48,48
48,50
9,48
25,51
51,51
50,50
51,51
30,1
4,4
9,9
9,9
6,6
10,10
10,10
22,31
2,1
10,10
21,24
24,24
40,40
48,48
48,48
7,0
9,9
9,9
10,10
10,10
9,5
8,8
9,9
10,10
8,9
9,9
10,10
10,10
10,10
9,9
8,8
8,8
10,10
9,9
5,9
9,9
8,8
8,8
8,8
23,23
17,23
23,19
23,19
23,19
50,23
27,27
27,27
7,24
25,25
40,43
48,48
49,50
1,1
25,0
10,10
49,11
4,16
0,26
49,30
5,43
48,48
0,0
8,8
8,8
9,9
6,6
5,5
8,8
23,5
42,10
10,10
33,23
25,25
25,25
33,33
33,33
11,33
22,34
42,42
51,51
4,4
10,10
48,6
10,10
9,9
6,6
5,5
5,5
10,10
5,5
6,6
19,6
6,6
6,6
5,5
6,6
8,8
5,5
5,5
10,10
9,9
23,8
8,8
25,5
5,5
6,6
48,5
41,15
11,11
48,20
15,15
22,25
9,33
15,33
15,33
48,48
8,50
25,51
4,4
9,6
8,8
9,9
8,8
8,8
9,9
8,8
10,10
9,9
23,23
29,29
9,37
37,37
37,37
39,39
8,41
41,41
27,51
9,9
8,8
8,8
10,10
7,7
17,17
24,21
23,20
23,23
11,11
24,21
24,24
31,31
30,31
30,26
18,49
1,1
0,0
30,1
29,4
0,0
30,7
6,7
10,10
48,17
9,22
18,18
29,22
49,22
7,22
11,11
24,24
30,30
49,24
29,29
30,30
44,32
22,43
39,39
49,48
49,1
49,0
6,1
17,3
9,9
10,10
49,5
48,8
38,7
23,7
38,22
17,17
48,20
49,12
18,18
33,15
21,21
15,15
20,20
21,21
27,27
28,28
38,38
42,42
42,40
1,41
49,48
1,1
1,2
49,0
9,9
21,10
10,10
21,21
21,21
21,21
18,18
8,8
9,9
21,5
7,7
42,5
49,18
29,29
28,28
1,30
31,30
37,37
43,43
43,43
49,50
49,50
21,1
37,1
0,0
9,9
9,9
28,6
6,9
22,5
5,5
48,21
39,32
41,46
8,8
9,9
9,9
8,10
23,23
23,23
20,17
49,49
1,1
4,4
7,7
4,5
5,6
5,6
5,19
23,17
48,23
23,22
48,23
6,29
22,33
11,35
33,33
41,41
22,46
48,48
17,48
0,0
0,0
0,0
4,4
10,10
10,10
7,7
10,10
17,17
19,19
22,22
28,28
41,44
8,8
9,9
9,9
10,10
9,22
40,38
15,8
8,8
8,8
29,6
30,6
21,18
9,12
11,18
8,14
21,14
8,12
17,23
32,32
22,41
17,48
0,4
8,8
24,10
8,8
8,8
21,23
24,21
21,11
20,20
24,24
29,31
30,31
11,33
22,38
8,8
10,10
7,0
41,7
22,10
21,9
10,10
8,7
22,21
7,22
8,21
22,22
21,21
21,21
27,27
27,27
27,27
30,30
29,29
30,30
30,31
32,44
32,41
46,43
41,43
41,43
22,38
30,4
1,1
30,4
8,8
39,7
22,5
4,5
47,6
11,11
11,11
30,30
34,34
39,32
39,32
34,34
44,38
41,41
42,47
40,43
43,47
41,41
50,50
49,50
49,50
50,50
50,50
50,50
49,50
49,50
31,4
4,4
9,9
9,9
8,8
8,8
5,6
44,15
20,20
20,20
48,22
29,29
31,31
31,31
31,24
31,31
31,24
31,31
24,24
24,24
12,32
12,33
40,41
40,40
43,46
29,49
19,48
0,0
30,1
9,9
7,8
0,7
4,5
35,12
23,22
9,31
9,31
29,29
24,24
30,30
24,24
10,10
10,10
9,9
11,9
49,7
7,17
17,15
19,23
49,23
49,18
21,22
19,19
22,41
49,49
4,4
10,8
30,5
29,29
8,30
30,30
0,24
11,33
12,34
49,49
49,49
18,8
4,5
9,9
8,8
10,10
30,6
17,17
21,21
23,23
18,18
23,15
17,19
7,22
30,31
44,41
39,39
27,48
31,2
37,0
9,9
10,10
4,5
37,19
21,21
17,23
43,17
30,28
28,28
26,26
26,28
1,30
49,49
50,49
9,9
10,10
5,5
0,0
0,0
0,0
0,0
5,5
6,6
17,17
23,23
23,15
38,22
38,22
23,19
9,19
7,22
0,29
21,24
29,29
0,30
9,24
29,29
30,30
28,26
22,38
38,38
10,10
10,10
10,10
8,8
5,5
38,22
21,22
22,22
11,11
22,33
34,34
24,49
31,4
1,1
4,4
4,4
21,8
43,5
43,5
8,8
4,5
21,18
21,21
43,22
9,24
30,30
38,40
7,40
48,48
10,10
9,9
21,21
21,22
22,48
4,4
42,5
48,6
9,9
10,10
9,9
7,7
5,22
11,11
11,11
41,22
27,30
43,32
32,32
33,33
1,1
4,8
7,8
22,8
5,5
49,18
22,22
22,22
22,22
22,22
34,31
31,31
30,30
4,30
1,29
29,29
9,24
1,36
43,43
22,43
22,43
22,39
48,48
4,4
5,5
8,8
5,5
22,22
48,19
23,22
23,19
33,22
17,22
29,29
29,29
33,24
24,24
36,24
15,33
11,37
43,32
33,33
43,43
41,43
43,43
43,43
41,46
49,48
4,4
1,1
50,4
9,9
31,21
22,22
11,11
9,11
28,28
31,31
31,29
30,30
28,28
41,41
50,50
50,49
49,49
50,50
50,50
8,8
8,8
9,9
10,10
23,5
5,5
5,5
17,22
23,23
23,23
50,22
23,20
20,20
7,24
8,31
26,30
24,24
22,37
15,33
43,43
43,44
7,50
28,48
20,48
25,50
7,1
8,8
23,20
22,15
23,20
11,11
7,11
23,23
8,31
30,30
26,26
11,24
43,41
48,48
48,48
9,9
22,8
10,10
8,7
22,8
4,5
44,22
22,17
23,23
29,29
31,31
31,31
28,28
22,38
39,39
48,48
48,48
48,48
0,0
9,9
10,10
6,8
9,9
10,10
11,8
5,22
41,22
0,21
21,21
10,21
0,21
17,12
50,12
23,23
23,17
11,11
18,18
17,17
25,25
31,31
42,42
32,38
49,49
0,0
7,4
7,4
10,8
10,10
12,6
5,5
6,6
19,22
19,22
31,31
24,24
24,24
24,31
31,31
24,24
41,40
0,0
50,8
28,8
49,7
19,8
8,8
10,10
15,15
38,22
1,12
31,12
23,23
19,19
8,11
24,28
49,28
28,28
9,31
37,37
36,36
8,36
40,38
49,49
48,48
49,49
0,0
10,10
10,10
10,10
9,9
7,7
5,5
8,8
6,6
8,8
23,17
5,12
26,26
30,27
29,29
29,29
30,30
30,30
31,31
29,30
29,29
31,31
30,30
30,31
31,24
31,31
31,31
31,31
31,24
31,31
29,27
31,31
31,31
31,31
44,33
46,46
22,48
17,8
8,8
43,22
16,16
38,22
23,19
23,22
49,16
22,17
16,16
43,22
7,22
22,22
30,26
29,29
44,32
7,39
7,44
48,48
9,9
9,9
9,9
7,7
11,11
17,17
17,17
41,12
17,17
31,31
19,27
29,29
33,33
38,38
7,39
48,48
9,49
49,50
31,50
5,4
9,9
9,9
9,9
10,10
10,8
8,8
8,8
39,22
8,22
23,23
23,23
23,23
41,22
41,22
33,12
22,32
22,37
39,44
38,39
44,41
39,44
12,43
39,38
49,49
22,49
14,49
22,49
38,22
21,22
39,38
7,38
22,44
47,47
0,0
5,5
8,8
10,10
8,8
0,7
6,23
14,21
41,22
7,30
30,30
0,26
0,30
7,41
4,4
0,0
29,7
9,9
8,10
9,9
8,7
8,8
23,10
21,7
10,10
23,15
23,20
23,20
20,20
12,12
21,22
16,16
21,21
0,0
4,4
10,10
12,7
33,22
31,31
27,1
6,4
8,7
11,7
7,7
8,8
51,8
8,8
8,8
8,8
8,8
22,22
21,21
10,23
23,23
23,23
39,23
7,25
11,37
50,50
9,9
9,9
24,10
8,8
1,22
23,22
23,23
51,22
19,19
25,25
25,25
26,26
11,35
22,39
51,51
51,51
4,4
10,10
8,8
8,6
8,8
8,8
23,22
8,24
30,30
30,30
43,43
48,48
23,48
30,1
9,9
8,8
10,10
8,7
11,12
11,11
11,11
23,20
29,29
0,30
31,31
32,38
22,41
46,43
39,39
49,49
48,48
0,0
4,4
10,10
10,10
10,10
10,10
5,5
13,13
48,23
17,20
13,13
48,23
4,14
23,20
17,19
27,27
5,26
43,41
38,39
19,48
4,49
21,1
1,1
1,1
8,8
9,21
21,21
23,23
26,28
17,48
43,48
19,48
48,48
8,8
31,8
10,10
19,23
8,16
21,21
29,29
9,24
29,29
48,48
35,8
8,8
22,15
23,23
35,22
23,23
10,23
48,22
14,23
7,33
33,33
40,40
48,48
48,48
48,48
50,51
48,48
48,48
48,48
10,8
5,9
35,11
4,26
29,0
0,0
9,9
32,7
8,8
10,10
5,8
23,23
8,11
11,11
22,32
22,42
48,48
9,9
5,5
22,22
48,23
10,12
17,23
48,23
48,31
48,48
48,48
48,48
48,48
1,1
43,7
7,7
7,7
5,5
8,8
42,22
46,22
8,22
29,12
22,43
43,43
46,46
8,45
48,48
48,48
48,48
0,0
0,0
4,4
23,9
5,5
11,11
21,21
21,21
27,16
29,29
23,31
43,32
22,41
48,38
38,38
40,41
11,48
49,49
48,8
7,7
9,9
7,7
10,10
9,9
9,9
8,8
38,22
38,22
32,22
15,15
21,21
9,21
27,27
7,32
43,41
42,40
27,49
5,4
4,4
8,8
6,6
12,12
13,13
24,13
24,13
40,22
31,22
8,22
11,11
24,21
8,21
11,11
29,31
29,29
41,46
22,43
49,49
49,49
48,48
9,9
8,8
5,5
41,15
23,23
35,23
23,17
28,28
6,30
28,28
40,38
22,42
12,0
7,0
9,9
9,9
8,8
10,8
25,7
11,9
5,9
9,9
43,8
10,21
22,22
49,16
11,11
11,11
17,11
43,22
9,21
14,21
43,22
43,22
8,24
10,31
47,43
41,41
22,43
43,43
49,49
25,49
25,50
7,7
7,7
7,7
48,7
7,7
48,23
23,19
21,23
31,31
48,49
48,48
0,0
48,8
8,8
10,10
9,9
8,8
10,10
41,22
20,12
21,21
21,21
23,23
29,29
30,30
13,30
30,30
48,34
8,48
0,0
4,4
9,9
9,9
17,8
9,9
9,9
43,22
23,23
22,22
23,23
23,23
30,30
29,29
25,25
0,25
25,25
22,42
7,39
40,42
22,39
39,39
50,49
0,0
0,0
4,5
49,12
7,22
23,23
30,31
22,41
44,44
10,10
7,7
10,10
9,9
5,5
29,6
5,5
21,21
43,22
7,22
32,22
0,50
49,48
22,48
0,0
9,9
48,8
8,8
8,8
9,9
9,9
8,8
49,22
27,21
20,12
0,30
30,30
30,30
30,30
29,29
26,30
18,29
30,30
34,34
18,43
18,48
48,48
1,1
5,4
8,8
9,9
8,8
8,8
10,8
9,9
8,21
21,21
21,21
30,30
0,0
0,0
10,10
10,10
9,9
9,9
12,12
22,12
12,12
12,12
20,20
23,23
17,23
23,20
19,22
17,17
24,24
24,24
28,28
30,30
0,31
32,32
4,48
7,1
30,1
18,6
10,10
5,5
8,8
24,6
12,5
0,21
21,21
43,22
24,11
7,11
24,11
39,22
21,21
20,20
39,22
48,28
41,41
43,43
46,46
41,46
40,40
4,48
9,9
9,9
9,9
9,9
9,22
0,22
31,31
0,0
0,0
6,6
49,7
7,7
8,8
22,7
19,23
11,11
11,11
8,21
31,31
28,28
32,35
49,49
49,48
49,49
49,49
48,48
49,48
50,50
9,9
29,5
30,8
28,7
24,7
21,6
8,8
9,5
10,10
8,8
21,21
21,21
21,21
21,21
32,22
43,22
21,31
27,27
27,27
7,35
22,32
34,34
41,43
43,47
11,49
11,49
10,50
0,0
8,8
10,6
8,8
9,9
0,7
41,22
22,22
40,22
10,16
21,21
12,36
39,39
48,49
9,9
21,21
47,22
21,21
21,21
21,21
15,34
43,43
22,47
7,49
26,1
0,0
13,2
23,9
17,6
4,5
6,6
25,5
6,6
40,7
8,8
5,5
40,22
35,12
49,12
31,31
35,35
22,38
22,43
40,40
41,41
22,38
22,44
0,0
10,0
9,9
10,10
10,10
10,10
10,10
7,7
19,23
23,20
30,31
30,31
31,31
8,8
22,22
21,16
47,22
47,22
9,21
12,16
49,31
22,32
22,47
47,47
22,47
22,47
48,48
0,0
23,1
29,1
8,8
5,5
8,8
8,8
7,7
8,8
8,8
0,7
5,9
5,8
7,22
21,21
21,21
43,22
8,23
8,21
9,14
30,30
29,29
28,28
30,30
0,0
0,0
4,4
8,8
8,8
8,8
8,8
8,6
8,8
10,10
20,20
8,16
37,24
8,31
49,25
8,41
40,40
1,1
4,4
37,7
7,7
5,5
5,5
8,8
8,8
4,5
5,5
8,8
21,5
11,11
20,20
31,24
31,31
31,31
31,31
31,31
8,31
31,31
31,31
31,31
31,31
1,30
31,31
4,25
31,31
19,31
31,31
37,37
8,8
8,8
6,6
30,31
30,30
21,24
0,0
0,0
9,9
10,10
8,8
6,6
21,21
48,23
17,22
23,23
8,23
23,17
36,35
48,48
48,48
48,48
16,0
10,10
9,9
9,9
9,9
48,19
50,25
22,45
0,0
1,1
9,9
8,22
12,12
22,22
19,16
48,16
20,23
22,16
33,15
15,15
11,11
33,15
11,11
31,11
25,25
22,43
48,48
18,48
48,48
1,1
29,1
4,4
9,9
21,8
8,7
8,8
14,14
21,14
11,11
29,29
8,31
29,29
22,40
39,39
22,49
48,48
6,48
0,0
4,4
9,9
8,8
10,10
9,9
32,22
39,22
31,26
49,29
29,28
30,31
12,28
22,30
49,30
8,34
40,38
8,39
40,47
41,47
22,48
